duration
0.06415925491264098
0.040495716840646845
0.10017752885943743
0.018500738931404248
0.03142307832253333
0.009509962399602667
0.05093237042317855
0.008344307528224348
0.13925989779178494
0.2863358103699225
0.023759872950259275
0.09467288284431374
0.09952648319527979
0.0017040620477746238
0.28859752052304977
0.009483268489684171
0.12101895791900041
0.4311110061614025
0.02021139984367082
0.044213137891846443
0.0010100989909922475
0.13118872829354444
0.14014243822287664
0.08303216239135214
0.16416411010492826
0.2249256812437137
0.025432220053537513
0.08783226088946527
0.04444543618995045
0.008467697526361562
0.031134137310750987
0.05282694776214214
0.11866956530516504
0.04771348254755914
0.05752065869420875
0.013014395678245805
0.02313298076342818
0.243292800072604
0.07384956804178522
0.037389518512107145
0.03670340163799857
0.035660277786222494
0.004021384842944897
0.05429389577489019
0.09372918999773994
0.035333500694886055
0.3475142477438542
0.03030252173171455
0.004716481705168363
0.019494045504513835
0.12504741179212608
0.015712820992485277
0.0732099156123649
0.0730915066817559
0.024192848530546485
0.029963073947794072
0.17711426353702464
0.09058383413694315
0.08309840107521183
0.01185899751229158
0.01566308199861055
0.08705444582878386
0.05720299651826011
0.026991310497596288
0.22382552050858706
0.048532744562216124
0.014931306757823393
0.18970673033846452
0.36404629159085644
0.07591185944886902
0.0052575232040581454
0.08952749162707718
0.06497972763443371
0.06600365101868277
0.017044047308697685
0.127407209955809
0.004044434129404806
0.06155880140710224
0.02504566030405897
0.27455976220803535
0.030539661450088573
0.016313134178265187
0.03714467355279538
0.019990244515884825
0.0004966211266932419
0.0808174212706021
0.131056264114914
0.017182685151052368
0.16121612044625522
0.07027105922183452
0.11268562660566772
0.006408084231921407
0.2750640797534345
0.1541614322251199
0.22954814236800303
0.0035216210662802894
0.044107828223015844
0.05341416696783696
0.004794795262395013
0.022374444758156642
0.1697000529814865
0.0008400448596646015
0.01993113896845955
0.008647212493102074
0.1339596989407319
0.032090280378515246
0.021446183709958433
0.04351404539697512
0.30727592720119645
0.032995012872376606
0.1357193526865217
0.012367088636175083
0.008099909203160394
0.05543127994796038
0.0795292355000825
0.0739236325850996
0.11364504750837767
0.022779837939083336
0.014343770590620863
0.01051892258996645
0.22893088987083843
0.06811874124888817
0.018954611781303754
0.019316171178886066
0.03487778172475231
0.04736240527349622
0.0006961744356175359
0.3718828778421468
0.04523420280746393
0.06663933579075376
0.031146356665196606
0.2978338529748825
0.008482466828006352
0.07298825454667934
0.07956908303723509
0.14000102588133245
0.05341991166140758
0.2787128007940538
0.0032046660062405863
0.01677522290850675
0.2334914413982716
0.014277626417083411
0.032736018240250075
0.0902682993623003
0.005491805694411767
0.08595090617320977
0.005878186077211467
0.04805367979552955
0.07046859708686526
0.08081486694065632
0.045755227286385036
0.22900312348961194
0.019384781712794563
0.19032088377556988
0.02784742917570071
0.03413496645907088
0.1550033064491103
0.036212990117974186
0.20685574520832262
0.0246646525492622
0.019330947456765557
0.039764990101723185
0.03156966596605315
0.0012509625072851804
0.004695663742495526
0.019298678944593917
0.21752019580203097
0.02108884332289307
0.23483948632217988
0.05243708698926497
0.007089597251493274
0.5517249109806315
0.00016232958559214694
0.020879022340992037
0.17664128011741553
0.09151533224395081
0.06903640463301741
0.013391770924464197
0.03372377474214261
0.0008339040484699467
0.03534268056169765
0.014672751464352984
0.12114347645891144
0.17476699307257348
0.07579707556241289
0.006136098935535017
0.18634331616456024
0.006323205378478747
0.0027406720920168937
0.16402964915477725
0.12434008418519227
0.024743071500601843
0.045560802754273766
0.0067606310968102434
0.048301115154984586
0.20303064495488599
0.0013335194611272527
0.052526283618149705
0.1048390574808451
0.09889452802141818
0.08144754256777276
0.10306833286136907
0.023909722816824797
0.03479873230290309
0.04173530992348162
0.1264911827306321
0.058610116850815075
0.34053828848796286
0.038967219509899564
0.2877407323635168
0.01070173449963363
0.09424348328201404
0.01847174724235856
0.15629302744672202
0.3488626689488541
0.22356965878017832
0.2311603414967891
0.008745842602081666
0.003338839620255385
0.01667119270101125
0.20698358100253245
0.02382894369802102
0.04309731725818722
0.005457871334101583
0.0035203795510767577
0.013784293223679356
0.0020431740775563867
0.03992617188687575
0.09397942666593906
0.019144795613698307
0.24240299844574054
0.15835208191266759
0.007146160699591064
0.021751261833216518
0.0008841204957548143
0.020319999804783606
0.01026371310777563
0.0032792447117628853
0.06331936467114474
0.025293047197592955
0.0038283589611722846
0.046264981151892925
0.026724532247285993
0.0026976095659136945
0.09657301771567006
0.02775067260857611
0.011755216807614488
0.12118172944383332
0.04110859801548372
0.09532694326281899
0.09814112781138817
0.05584554632810068
0.0627507992675902
0.1700675018286688
0.05190344207845499
0.019164383760468695
0.005261998572265725
0.03495365407086126
0.1891158883477857
0.019563059987959264
0.19285015769698077
0.23175380014184555
0.024217845644258773
0.01151014493581215
0.043520556449976766
0.021404629562596256
0.06540621027967575
0.13097476084639936
0.5864939471866109
0.05650051694482272
0.025179121214719657
0.011393319865774743
0.011196704123690893
0.005618163519443442
0.007993970458528565
0.028878353649602673
0.0237570086132024
0.25680526824460514
0.5209115543760703
0.04096169925183801
0.021758138082759615
0.016687075791281814
0.024120377851062358
0.10593081531578719
0.03847805165773366
0.021870348761424907
0.13056959516266886
0.0430964330059993
0.00952634574578326
0.2873344758505141
0.012733580357192409
0.04033945860692256
0.016918343212338982
0.04841809939888719
0.09931079284542932
0.03001664506700763
0.06491457608571238
0.06439467669778765
0.056367020336438145
0.2382347689699884
0.3363641716581185
0.014802600213542405
0.0007703211554570544
0.041204303191221925
0.060208132278305015
0.004121669350226398
0.0031549620548787516
0.08370115538043876
