duration
0.0071854912979256
0.0392726718405462
0.04409455044513241
0.009312951601303243
0.010487607411513111
0.01796037599310546
0.20979469716035998
0.20604797422784327
0.007409613738398879
0.09939005100783849
0.005303670911382508
0.06489717228036529
0.04302503725261331
0.12950031175220333
0.010350803495372318
0.13150750772190856
0.02635629931987138
0.034086507748368966
0.053634303052653376
0.17176070000223165
0.05544482971506337
0.006774654262848401
0.02458547899224417
0.015776484944169056
0.2644303457038264
0.1258171846532541
0.1841458549009518
0.041145838917118205
0.0961720037848961
0.001271573897285272
0.09464723610449788
0.03700060497991764
0.03479096895824085
0.014162670656419074
0.049238470972722936
0.06322364945185921
0.2114469214701824
0.04108866146877865
0.03026782819997642
0.02837046262896159
0.008383341799836685
0.0599449425301799
0.02438262547779857
0.01427780441617621
0.03236197409751007
0.016085290891238557
0.055628436923473856
0.015519500376559137
0.01819609909889941
0.036251664146515594
0.08287056648572211
0.09371472287535987
0.01716271812885317
0.008318948348465582
0.3268395577414438
0.01886798753006147
0.054301649600883906
0.09639087985894612
0.03250495839717793
0.09743676460774076
0.0737464620322914
0.005165988846153269
0.047257531910570805
0.07591393565883564
0.4399517102979935
0.06795638184123654
0.21042392390790887
0.004722583717345685
0.019297109271732893
0.012638732351147652
0.30179817259866937
0.057100494367348986
0.0007970621785524656
0.00509359752079952
0.025616087543665955
0.028913315635355374
0.004048628513251273
0.0034510368429376825
0.026701334768093332
0.08628345152336969
0.10756250790918997
0.0118066479892871
0.25388062259849065
0.09255992172441196
0.0549763067608815
0.010028187452245874
0.002062122938749411
0.003442660993485447
0.1604331371370762
0.03401307530408104
0.009329698335019287
0.06283070280017
0.3919233962105757
0.04268269680476422
0.08324219439755609
0.03828609163487329
0.10847395031374418
0.0036686681667106313
0.04635136460212408
0.025058426924257304
0.04633198106167313
0.003729514076599827
0.01611320417849882
0.09720303074550074
0.04884574845014811
0.29094016009343804
0.02815572675986644
0.00832677776151769
0.0021626528139044865
0.032482239625466036
0.008651946414545364
0.024020522475765915
0.025873582939873074
0.07526415402561071
0.01260128413972339
0.003397165067507757
0.23008898127556776
0.0014929978398718902
0.05704504124722831
0.022060467723221677
0.049670846058265994
0.0040632168663030654
0.03242714759254284
0.0022581575636166917
0.25103512683791607
0.00804842469316469
0.0469446231596109
0.026833770931009582
0.04413627744358806
0.033269725535266303
0.03890146187763932
0.002283034357130731
0.07767279350299461
0.1550803795625697
0.057298444811110016
0.02926750268488476
0.03295065085809412
0.009782052206407599
0.05291702639327056
0.035667184948266595
0.0150473965598934
0.003080848296658445
0.11812291960533372
0.0002500441747237403
0.1001281855182512
0.06496959444807615
0.010398736359682914
0.025277072217956942
0.021009669313698964
0.01758524862300348
0.14547885576767783
0.00807795914677456
0.021041338138644505
0.0018942900401626162
0.00816725972997645
0.13976396904292443
0.0032762206217924472
0.10234498860234709
0.01927543684791999
0.04192778901065708
0.06840033093618558
0.06806990538723312
0.012887650210856805
0.004882138246891543
0.0283974555130726
0.0024545302872596153
0.026687042718172904
0.10608963053763887
0.07646293373836244
0.021623695521014952
0.028296173545847125
0.09875345537342639
0.013343050124625222
0.02195455666866053
0.05472954160401855
0.036162843963957414
0.053476572106433196
0.010595675740198374
0.0748227370780512
0.03439002127114321
0.007194847147289352
0.10565936072469384
0.05368253178183835
0.08694163710679703
0.017987452259163206
0.026029739889025905
0.00552899812817742
0.00014141439375237042
0.055927401702142276
0.04801278865718217
0.10335981715121534
0.12702992802462632
0.033603452201745654
0.293074755570359
0.025364111021033864
0.04513478725537823
0.012625976080364865
0.011646216516119523
0.024764651699285878
0.03853711377519886
0.060721491737815825
0.03259059110799001
0.014208633443224983
0.029203568727872664
0.04077030468255316
0.06845562649400705
0.050126512152495195
0.006604982517231406
0.017179176321114653
0.0568151689147669
0.05920756837158336
0.1924460113383617
0.1456665043423726
0.0009648605742924588
0.013402719880680536
0.019298657424123178
0.018317149716530423
0.04762774779752732
0.00013343458755343818
0.0013896248128943967
0.024979945694212802
0.004881183219360707
0.0044321581626007855
0.011293977233627572
0.01129391496023402
0.10026070465089276
0.07702439111213266
0.13744830211975056
0.01236103941032951
0.007163961259841756
0.13523388227338273
0.008030513643177528
0.0034983445803362656
0.023606275093378315
0.19405740837326846
0.011448829079149903
0.018832340900615918
0.025206050845319794
0.019532987631244225
0.15004061844515348
0.19382214087922733
0.029814530297350927
0.043298752335445556
0.033745755230917496
0.003858813515243753
0.008050231784473283
0.0254694404183482
0.022623815047381868
0.12403638909978554
0.043237570991642826
0.13294266729830184
0.005696636403875743
0.170784857653679
0.002386518862955711
0.048890596534803876
0.04107074746974604
0.07208644843431955
0.033698131506653795
0.012424837532776678
0.03284993772254552
0.029623529999412312
0.003799208531532372
0.0024754646217530762
0.05415265027738769
0.0819012854280956
0.14212944319407228
0.01629753653315902
0.028882994237335424
0.005286574446508041
0.14097936650729537
0.13512011115400924
0.04192565190610509
0.04631335663896152
0.011730595911473074
0.12699227406690028
0.02114910638833578
0.00030374815363387597
0.008488376803299502
0.028710874700927036
0.007092430789633397
0.024256574769829342
0.002785106798718573
0.495570433547023
0.017548877665916507
0.15176721712320784
0.053039538536793884
0.045955298799029265
0.030303618921116993
0.031005200005623124
0.04538480230596065
0.21278503713286057
0.03941610831597586
0.024174374982777636
0.01891371230135519
0.021874525654723698
0.21000554432973928
0.04515802467096819
0.03381810430619936
0.1249948097522875
0.00811699009882716
0.020779450121573007
0.02070295643441966
0.01212486555703407
0.0059925175928583485
0.0469824042491922
0.018285112747207677
0.005565525448844255
0.019604642084487978
0.2403656013240436
0.04797728467615059
0.3675241045438611
0.002577031020862819
0.012650294436838294
0.008045793238451893
0.038953509313813584
0.028209377179209127
0.026023804102095482
0.13194755531914382
0.005272198060112032
0.007639492900779032
0.00718235895489272
0.029961484986671394
0.055655314340796735
0.06330854327318036
0.012070872221215723
0.0007229125823187132
0.03512358900620427
0.040791476839856955
0.38536885201936855
0.27041821604112215
0.049549581525511144
0.024198310160542746
0.07953241057469995
0.6336358491560219
0.056838816330980535
0.08929075179190704
0.022123798407619688
0.02505517707599836
0.0006160256788234619
0.07437321408924902
0.010718253777099562
0.008300107770935483
0.008011519185401994
0.015855114789161462
0.0020801149622826642
0.008827632426218202
0.05007053479725698
0.06717906033048848
0.019935556047570913
0.21542025876034643
0.07972806517111053
0.033822402477085234
0.03585228545942698
0.005805303458927824
0.03479071224627717
0.1170153472562987
0.11292334772554113
0.00984108241038939
0.04962219272248092
0.30434950835932284
0.04970490355115942
0.07020454074151417
0.03800672175121633
0.09506206063352352
0.001336827898526849
0.009177094548846298
0.008871518259525146
0.051092610652318626
0.026856380646250955
0.08065785962550365
0.04782277258121326
0.010560728643909556
0.02621409119655027
0.3181252005574038
0.031357340603989314
0.02869738684348988
0.018608321581325526
0.22033938716582213
0.003992118356990204
0.11680168990855577
0.01599865547696311
0.025819158463505687
0.0337895768156784
0.00186744634871161
0.007596412669727215
0.005845037782009399
0.0018448201301168865
0.009021812064816004
0.7450387375155003
0.02027969225358106
0.08454670594680636
0.09230023602971471
0.021144198732969244
0.03134591926081498
0.016120728056890243
0.0032333840193956576
0.01770183651765933
0.022801983549442184
0.07777164216031451
0.002490716622659761
0.06647766214210549
0.10759022002103791
0.05788073598620258
0.10612329661012154
0.014627971547156449
0.036802745760397215
0.05092812827398063
0.11657770215147423
0.009917756592713545
0.007223353383253084
0.038965570436616304
0.04484356297025727
0.13904056780195617
0.10125175275737774
0.030052786766162853
0.04010618409451183
0.008907687658776808
0.29782290085076113
0.09645315322684667
0.012246663552630821
0.583017129513479
0.07184136688056242
0.08387102403321478
0.0039982961293105745
0.07869364554707658
0.041516989778216384
0.0571868930878594
0.009005887553996672
0.013990309959197589
0.2344033146672615
0.016140630103180342
0.0009535572506962353
0.021918537843021113
0.05319966567861911
0.07433781908410708
0.01950618817424754
0.004063981757084889
0.04087674243774586
0.001417871928367731
0.018099509795931112
0.013343993548758704
0.009834762729724389
0.03849857831944803
0.037117591573604614
0.07683511085913608
0.004510232675400516
0.05974110549315981
0.07718214472191676
0.00419307022070825
0.025106081421242266
0.1690190153792912
0.007349865699453062
0.013757867767409948
0.016203665032520576
0.0033578131819496093
0.06995622594739359
0.13673992889104625
0.053152569857189746
0.020120739131186838
0.04977738158339662
0.02905123448842062
0.03979961465788051
0.020989459073035732
0.030942900484120628
0.04824141505046953
9.576067994032655e-05
0.004605427264635864
