duration
0.21396611217854744
0.12066300871166524
0.07125654209823362
0.001808617437134341
0.15810370540063334
0.032527067322940084
0.07901376830451401
0.036198512794231696
0.3842712425104451
0.4375415459717793
0.01105541982767555
0.1218777506729749
0.00029601840679482905
0.0010614696637967214
0.05824317468669982
0.0024552815184879506
0.04958776728888559
0.004918887654509874
0.00045125132751344665
0.014955751970477493
0.012679354953561983
0.12147639761961315
0.005056414539968301
0.02937366104876382
0.06330950623176612
0.030585674899038295
0.049140654037609366
0.08642665529268534
0.02745355923367576
0.23226531633196323
0.2706966757484732
0.010551557792771504
0.020434307343746738
0.05297195077416106
0.04175711973820917
0.018096035943967692
0.0367317327713792
0.06469924087955192
0.07551027422120349
0.030262149469473698
0.03858448124791991
0.03011759546643944
0.008454058226465833
0.015248639911451534
0.07879549652427187
0.29189488305144806
0.0029535979286805514
0.0044470564499548
0.05195513605664104
0.09611774338723222
0.006027569115655496
0.13074831486087035
0.17290635022441947
0.09847643605521839
0.08984922044641408
0.11106657228283723
0.05442419221199657
0.12239699531787451
0.0014662402471650182
0.07201981854046124
0.1157071628462063
0.03891167711840282
0.03926708152692626
0.08179872890051243
0.053623272569151226
0.12405872604766444
0.44684646379901594
0.02696090303306775
0.02356381939065244
0.14015069379439637
0.2169715563578265
0.009930029725772727
0.032447626516127315
0.36897472370216633
0.0766365873517536
0.03488402123868539
0.008362779590306957
0.01444263446919436
0.08707868959142928
0.0272486181813143
0.05099882374688036
0.011665190395383718
0.03364959966834746
0.21455953882702516
0.09961504813216493
0.0031867734395945035
0.059039437191081845
0.19722735524054968
0.07333140660538362
0.00548287590723362
0.024226162009519214
0.03764937682773706
0.07069614979391048
0.055107278872071674
0.02066338832041481
0.1044591149050973
0.206854326314172
0.037207530042060455
0.09851798640668363
0.07106890074432926
0.009257753070635033
0.012252264014136927
0.0025548928285701322
0.055251291379050826
0.07375460134981182
0.06379511262446869
0.004452266843877339
0.06579680612929906
0.010717314208832818
0.032191149152346554
0.005804128625669591
0.0062233807978628874
0.0028832131915663695
0.006838871549717851
0.002667436899820075
0.008557479622922415
0.023991263780771988
0.011602315160480714
0.05006212832701351
0.008420254017224238
0.10467782379864587
0.020440616075603657
0.19382581790037534
0.04794494206245048
0.005022725161339281
0.016917022271002224
0.045663519598086566
0.03495223202238407
0.7854624085241113
0.021057272533120397
0.15992613356773688
0.011999906236830782
0.1304933466535232
0.26776266762293943
0.04676381194408208
0.011416214750056497
0.002893821699693433
0.04642401347224023
0.0858429334702322
0.03525128266762323
0.05968044088317015
0.19093577317849508
0.22918910341046939
0.005023089986330831
0.005763182880080819
0.08423808060055649
0.0005284688405922111
0.02442032029319563
0.13087447873046898
0.008370098199726783
0.01367506747082814
0.05494959320306947
0.03601526131632937
0.016159437652724762
0.005651151908608654
0.04590040997106826
0.11654263074075288
0.08148669695888344
0.020591166885374435
0.10099782472690322
0.0165975227361983
0.09707107705692408
0.05034040729486833
0.01991551708549366
0.021767658866941986
0.016367200152949124
0.027072158991501283
0.04481423301454157
0.02657020822947942
0.013169360663347618
0.06329268601191984
0.0832667823468185
0.012186599003463527
0.008191324010056178
0.5118982392975937
0.008012587694132378
0.008382956790832452
0.022516546006976057
0.018956025999614212
0.05245627325837887
0.005173608994908818
0.045022491002526976
0.006563318455320655
0.008094625193848515
0.07976723639290384
0.021877036782555592
0.061669461223218036
0.059363429813373614
0.07819876441678986
0.0330025337088955
0.014914007056653134
0.17761270185609135
0.03776810020953292
0.10628276318616514
0.011675548421365534
0.023138504734689036
0.0016847700138953314
0.03246539855254582
0.017786229654689123
0.03232006995379777
0.3891239957736019
0.0312611271529164
0.015996939773629038
0.018087107269877833
0.1489488193067956
0.042261738557186845
0.06485607418694883
0.003975885227291087
0.024201767489756776
0.008771511140352573
0.012695927082901903
0.17378535282638552
0.007254089863835134
0.006514004010995222
0.1239970711823446
0.07061692285935806
0.10768513880846342
0.02025418268259216
0.08007790607595666
0.0035434694432154856
0.04329699707807322
0.010574553625062322
0.039734051730391684
0.32436043401048664
0.05950612115208287
0.05364630225442113
0.023830615102326647
0.18387112071300749
0.023962023587074555
0.017975596615656286
0.10138151287756614
0.004600440268390571
0.026221836299910706
0.08133882024107209
0.01243968726122091
0.05194576223779279
0.022755394324377676
0.2771044608804374
0.03319384281707016
0.5000994945257702
0.04069030820234332
0.002269928315541847
0.006921857460412184
0.0004949581261115554
0.04423972311579405
0.03425745408132741
0.04249549588760715
0.20315354043627565
0.02768523033749659
0.0531023505115229
0.001952396488178465
0.015529986900361337
0.024902005170503116
0.13253246358324589
0.48597742879810824
0.1570027255652917
0.05445491248880785
0.006632514487435515
0.18573388954807513
0.027254376584764373
0.15494310488520568
0.1601729838605337
0.12249442624444384
0.1503204444115056
0.44306696974339843
0.11257019171014804
0.24836314423743033
0.9464653772548957
0.10583181114829188
0.02428904819838351
0.0024620336869105586
0.13142900911822153
0.015701512806998608
0.05726012244818435
0.0012188336522171994
0.03599276023382458
0.0028946724659135725
0.04564793939984213
0.12179502838441181
0.19712137559375265
0.04157077037109502
0.0277499063259512
0.04982555148356482
0.04803567080377036
0.009005867643196552
0.004389645018591182
0.0038033222005537937
0.015515585151177902
0.11803141259629513
0.035214665261378286
0.09219029724660288
0.14884128079489756
