duration
0.014880018479602942
0.039264603433638745
6.848546571799202e-05
0.3060480746618044
0.20104895603742423
0.008842100633743133
0.573039977103339
0.30645645224586326
0.01533873421262033
0.38892771797245085
0.006723208467793063
0.033815219233356286
0.005537863890514583
0.0010782949908976214
0.05746132129509496
0.004401460627480258
0.002184384417035723
0.7353015387308011
0.1505547851420248
0.13859735949374086
0.0016615205023948754
0.03821772791153233
0.020221414697021434
0.013258897885630727
0.0695614787332488
0.09005294187719848
0.012916598455343653
0.3649567244779215
0.0812566605749172
0.534519271046431
0.0005328614883097771
0.031996464375117384
0.000522127050475163
0.00021279641537841343
0.008488256539029848
0.014195866751508746
0.12928434060013227
1.2871599974258174
0.03817005943290397
0.0034230745956627118
0.011567323232624105
0.004087745502892481
0.021812459488441682
0.0029637486653504297
0.0010644005415363367
0.6049020250876538
0.006482362244282669
0.006195223417925888
0.11212535607135976
0.03727159978100136
0.7836345180316808
0.06841103891916589
0.005289301761250087
0.0015675637161489675
0.1722681085827471
0.2613538126514623
0.004457933679521631
0.025752076104286203
0.15834333140607093
0.023552647323192843
0.010498199956550991
0.017756677906307416
0.06862859276301769
0.18781684141389476
0.1981271221188372
0.12287815862493545
0.005266205821500947
0.11934673147465524
0.004446294476377233
0.05056151115236851
0.10597870583366031
0.11374804829661045
0.006669991759064686
1.072351255682504
0.03583593173966548
0.0038579934203379906
0.041662449339446184
0.3237815770622845
0.005851528706561027
0.14026029090422298
0.23771238351523394
0.01250262410970393
0.05062884341780638
0.09672779518349017
0.14118765854945536
0.006874121137391498
0.026218686874226904
0.07864854657998066
0.06270530260516871
0.001874934208986545
0.02355767002814524
0.01937677539756244
0.015150073005186115
0.007572222962862085
0.4042470415238846
0.01515056139016302
0.06934334808691212
0.006619224692087755
0.3749193906785173
2.046703205816602
0.15019599101120207
0.25874127321758067
0.37691848291083474
0.009301243430051898
0.08973309814683361
0.00812838368692681
0.002085593571045763
0.2890302226612569
0.00576135358519636
0.15570702589000973
0.009346668993860163
0.02384578263290038
0.002052264065124376
0.013718569682421133
0.029767605478287607
0.13708448890395175
0.02487234220982515
0.024523701583198942
0.08169802160831097
0.0006057066274927081
0.34992497286978974
0.0018326710617770914
0.01337020659746102
0.5217833419741815
0.06994364419167454
0.00046135377437650504
0.027991835040005242
0.12785651113654595
0.011617910699548872
0.004158506487712543
0.08050352106368308
0.3325515729959676
