duration
0.08941652185453411
0.22625888572808361
0.002441527855703507
0.002096403888844689
0.03779565836268972
0.008629963026185461
0.0008233994600206351
0.00612434306646481
0.0036095019206494605
0.061391949327726625
0.02011954728318166
0.016261460441504116
0.020067135313551088
0.01144649943568865
0.31110195353207537
0.03937286078104041
0.1108061994993319
0.010822155042355952
0.03790824180820085
0.004657823694231844
0.03183729069564656
0.01357615635622711
0.03306781092189759
0.00226086159037564
0.053824077341022125
0.02402976368784504
0.0312401758807761
0.03410416863470367
0.020146268243962595
0.2559173820901055
0.12253357302095935
0.02026970652339699
0.053413756874007845
0.0011377462799693205
0.0017312129092861284
0.18553727546432874
0.016887052201713715
0.01300362195274829
0.005223625223777617
0.009851249304279719
0.005433675418839101
0.015791113465802198
0.03434164286222874
0.06867837621151729
0.07966438684510813
0.001991687984265411
0.013188233339954891
0.17895358050640375
0.006338823849931785
0.03299461436328244
0.004533295926259839
0.04167305402434174
0.005839022057731569
0.006355682885946123
0.014865377353610043
0.009602993272272542
0.022532855124504536
0.0027216099307629804
0.0026507870991157034
0.05704119862781454
0.19945214845223447
0.09420095645461402
0.025075478945117524
0.02591608188224548
0.007202727836222778
0.0010672646752212245
0.10794242914480279
0.0007823426266035938
0.18161900833895928
0.05362000408010559
0.014058613837931944
0.004308538420289665
