duration
0.07227582414893563
0.036273867943896754
0.02223474480991361
0.07245317794571138
0.06091578425749444
0.05485886398779982
0.02504325469572599
0.06712017927086267
0.05164486886485964
0.011062157274538187
0.02594065254713307
0.07638204948596794
0.08366626224229723
0.006068975277387256
0.03977978472838739
0.09915866716823807
0.019230402510213906
0.07801578505175044
0.16564378124291945
0.005843089700566573
0.34312513881900664
0.031949826374215284
0.0007349505736158335
0.07165831749581031
0.20812904767916152
0.23859681054064197
0.12655050615411056
0.17087541278844576
0.21173183021864794
0.07245223281458557
0.007883916894824594
0.14968199200143495
0.014506818725120496
0.007768282636003931
0.009613063026563395
0.05141587007044812
0.019593335531210343
0.19109815805188823
0.10830912794718728
0.1529345560766746
0.03907113974028675
0.19078668153940193
0.03260625344524115
0.0033455811117111267
0.031390170700339226
0.040894542988404226
0.021418322658089295
0.021252098283689236
0.0019772444820489454
0.16937141463051475
0.02605078716103648
0.027461014065629286
0.047903047688706124
0.028449656296960057
0.053762885651057246
0.1366856500817697
0.12383237023922433
0.07425030162909962
0.04793072144944688
0.09692378822315462
0.006779237475676325
0.17755938327210785
0.11899986226696413
0.14848724114962764
0.044290943195182564
0.0019544568821423525
0.16808479438991242
0.049895740202721584
0.060945949783135944
0.013420954693444287
0.053570028387021296
0.02172283075261916
0.004912902288847221
0.006485623156109455
0.02999819838255391
0.13786467011631132
0.09500960009530246
0.0021885073468830285
0.0247228605875236
0.2887022180646994
0.11302611067765156
0.23733702215588792
0.05253126135515629
0.1427720137760886
0.05763761610835516
0.06192991976496387
0.11159666916434574
0.25874626003104595
0.04605099142373703
0.03485192386478175
0.02659947833815579
0.06986923198829587
0.002560960908134291
0.03549469071366218
0.010409068513254738
0.09012190441507784
0.08149418577286838
0.04155305138836951
0.047902475873435435
0.2955413368255009
0.21041650546995783
0.07527612609959533
0.09050548961028682
0.008494913166288143
0.014268331528406009
0.1211893540801725
0.0017745942163500672
0.05769678841920722
0.058345655152699294
0.01743924990005752
0.05711116181989695
0.07226214555269195
0.002024127488510885
0.17399434455837337
0.04797322456524711
0.0140846903252978
0.24335625000710337
0.0030484769290524127
0.02370233473197203
0.009926252580577
0.01137220196691402
0.06765212273919019
0.15521728768273846
0.007350640768073902
0.14361768984956313
0.08913677776143913
0.02266285188260042
0.020981409193169043
0.08049200796714473
0.012107515316628792
0.08079489026689401
0.0384953368018941
0.007652642164160284
0.07699755526734009
0.020957827233665682
0.0006925319739679026
0.002438955753831351
0.006395056584381109
0.07662049153281458
0.05982121712914079
0.06801946342964271
0.0022761643894568806
0.011472676261675474
0.047621058863434484
0.00652649471084743
0.0004122649215858587
0.004237917794498003
0.009828066179807138
0.04622421594795867
0.008974705853290743
0.12104270264833161
0.040035030399806715
0.04317086610949872
0.12085560318286781
0.011333920517010654
0.0038404824213102984
0.004011634568612976
0.07115868360119038
0.006631696411133703
0.1462376360124651
0.008657716100167079
0.0010834582216574518
0.07807529115207501
0.08587094001751439
0.005844646277218146
0.09508532499988576
0.05572906608713879
0.09831077634223107
0.012715769515139641
0.2155553675883084
0.003164836261049686
0.06610136078631967
0.010234463362181145
0.03335000207471239
0.0711971098273807
0.10524328510605585
0.012385061251634966
0.0076890914111089614
0.10035094314451953
0.16492132788545177
0.18021817831574083
0.008123467796906425
0.022863332553370697
0.04469926353841913
0.05853748899649247
0.00507066778223475
0.057589402059903705
0.10612146854458615
0.05665829278099466
0.04219491553556054
0.10550334679905404
0.04385402114175463
0.08039829104073704
0.07343155662965728
0.08104387907935973
0.11640252698958875
0.05626595051290906
0.015315949642825899
0.0018857404729999416
0.3285349488168805
0.04698129383854166
0.10480626043275265
0.07504722569223077
0.1744704049725101
0.04846432232294262
0.10313789189858369
0.002855210847897638
0.01582658719155461
0.028323441802356797
0.3380079583142077
0.042183007399358985
0.009899866794214063
0.016330431589352656
0.18415706811418886
0.06713160380515149
0.06697883838951668
0.005164392875968815
0.01790719247027539
0.0044529153749834904
0.014674934254600203
0.015609979862460932
0.1220985455953496
0.001603835210488569
0.007890187091717848
0.001849346847066613
0.024879489600635907
0.04493196218986384
0.014258460468553835
0.06415957375784842
0.015795185220582653
0.03953362897594559
0.05692942656978062
0.12823768564561533
0.05585313616622045
0.0009918545165277237
0.009261346322816166
0.16626876329475238
0.03039055958596748
0.09711144399726379
0.2714985713799223
0.023114311649209185
0.027674847712816586
0.014522817056175086
0.00021179046146357905
0.01746229291481427
0.0084686013328934
0.09528657585865119
0.413352599834397
0.032948246830770245
0.062427242698149144
0.010461436403659263
0.024428632264800854
0.005690816722349723
0.0016643653499528455
