duration
0.11569356081564486
0.04809139308438143
0.09483814856253558
0.02767978455004816
0.019187834663488446
0.045718843272450904
0.024609252746596755
0.024703351246142202
0.011251006756241022
0.004421865647389556
0.00023958297344017776
0.04710910938295598
0.014529666109998396
0.03827899373156263
0.00970193792055829
0.08914394558454286
0.22432616815195972
0.007869353756875697
0.00788241725986305
0.01099483499950793
0.05856914258315826
0.02256332067510569
0.012562090575052753
0.02049503680673892
0.010379354864391566
0.0009538725611850651
0.0366045297199884
0.07567673360461091
0.019060303282024904
0.03697705811427232
0.027172661882534754
0.01146442606283049
0.04185724871168617
0.0011327322296250664
0.04499798353273521
0.0011619713798873832
0.01002106583311635
0.030864438511626346
0.04074151131412895
0.0015793055858930316
0.02642490092744243
0.0032788510101378066
0.0786789272335886
0.026757830415516715
0.024956942535387938
0.0008061120144065015
0.005886786165929969
0.027666326611309522
0.006170317188743724
0.005690327329522127
0.014211484281513087
0.022710203756157732
0.08139290841331626
0.1881596948539297
0.010053623496988351
0.023053194452889336
0.03543388373972167
0.020345101715144587
0.15812086620195043
0.17124193539465882
0.7275727205745115
0.05288088391093648
0.007108332558834363
0.0648660937168879
0.011774449195045555
0.007517511216944328
0.026389989173764228
0.0011101279831580158
0.0009022731999284161
0.0053936341545650635
0.023079721628643135
0.1023870440991761
0.017709128314373324
0.15507898432842282
0.30396182515068837
0.09826943304598323
0.003277909517564126
0.16289918823660976
0.05589492495249715
0.013034036969646223
0.0028058590970641006
0.0018756559220616253
0.08839758866944081
0.005581932307485715
0.005309241945941068
0.005897288297211034
0.03429396193107337
0.021664992166009256
0.019866323960824772
0.03781605519729503
0.0025271689591459534
0.027942430473368418
0.008548066526223863
0.012281122142022483
0.023609104135703163
0.001796928895002381
0.5792741567152522
0.10895007098394593
0.34987185221281614
0.04409805092216601
0.006462078272029714
0.030474944006016358
0.24587634319172302
0.051995256304834925
0.003072415718319732
0.0008183920885223017
0.022290653034783503
0.010047542629722628
0.0030702551792884947
0.011055796831419329
0.006886085371869299
0.0255483620418957
0.006473394529756149
0.04992356223166006
0.10853428548635868
0.0022134799920419113
0.009095550604500957
0.08832986681678001
0.014111676777314841
0.08381431312435161
0.011133863433551383
0.029302429512769734
0.011372199568628005
0.3674630232797629
0.005219629382347435
0.03693812627816939
0.0019835588462289167
0.002666958766070593
0.009825367105815275
0.004618793777845909
0.040294795567200836
0.0024518629670211567
0.285793754605999
0.048476898866656626
0.00758600422919109
0.03905347208009324
0.25335789659796326
0.06552301638327052
0.0024199750920672614
0.001318330882723373
0.0037562868548715045
0.006817337644077881
0.05235220002037977
0.002807920151640886
0.0007914619392330735
0.0009029048841533438
0.004453352733966298
0.1766384910768739
0.03590279432006227
0.014079722015914342
0.3168550359520559
0.012753988472443467
0.02127174469157822
0.04877640643395864
0.02592827900586414
0.027185850892301744
0.004124614182881459
0.0007137259795406692
0.05365905782397462
0.01964685666822774
0.051674717390596925
0.583192516365127
0.007515879178406237
0.000363733759016327
0.021022082972649514
0.004758210409818275
0.11929540329816746
0.13055420530251993
0.028392920409103795
0.023733521515264755
0.04725139228972708
0.09188249699046835
0.018111146536103462
0.006005364091169696
0.005144956989880711
0.003269944686362436
0.07485111914930087
0.008894978683237298
0.0001173115745629616
0.003970747493468707
0.07622933133660936
0.004751378688681029
0.016601412112983382
0.04045717689299977
0.006203243801628844
0.046544099933100824
0.07383168102074933
0.007400497191724753
0.0006079952473960759
0.02516818544400934
0.001513698091706317
0.030309675673855452
0.06031687720082246
0.0148123106421707
0.34081676837057984
0.10243207415272693
0.008375189778270453
0.005681766265311694
0.024718206040883928
0.06502127121866152
0.013591538205819376
0.06423934847558144
0.03804566861575864
0.10674638413644999
0.41243661591469305
0.0732591047046931
0.13289074564344006
0.030621216460342993
0.01664087335698028
0.005279340126989496
0.024342877585606715
0.016344218285773593
0.11057231438480386
0.10436660433258638
0.05225008041387369
0.11684691126227165
0.02135575677570145
0.0006382172358918581
0.19318606833791918
9.341161165465905e-05
0.05761676232510382
0.009455821028833356
0.017881365000270932
0.020334886511371053
0.0005373088235991474
0.015251445423228205
0.026567505721104112
0.0418809368260753
0.08150119858175131
0.08313674057711751
0.01131584961660792
0.005624301578915691
0.0493627263796661
0.024051283503634835
0.025144111115199763
0.011028087797644304
0.10168761390790948
0.16882525408604465
0.1454948786798731
0.057953690192416474
0.005882741174144002
0.034304355484376714
0.01651686388375495
0.004247944297826933
0.20185233830982696
0.021993926249688656
0.08478907019424042
0.02187906217448088
0.023823025714182933
0.07108659146898688
0.01453492564735015
0.0952599075022107
0.00100668174241747
7.589945827035649e-05
0.2300136227887748
0.031323514831562704
0.06696320267144173
0.02545034384642264
0.0185241128806517
0.11397995957004525
0.07790335517675118
0.07150409421319992
0.1469835744646133
0.00844949796076122
0.016655445643309008
0.040008307803457654
0.11331866083648734
0.08735459222356212
0.0029400585218262165
0.010305786212544632
0.023254001904678745
0.04830161190074733
0.09980020563744674
0.03978971153632571
0.010135955769424498
0.030137230034682716
0.05772911321699681
0.22401855820654504
0.017246699151822753
0.00877627648408108
0.023368190412472956
0.005962845661159122
0.012793180521200043
0.007768356179443714
0.025909594867201236
0.3263931657237258
0.03673746978331849
0.11202261722976914
0.015547615518144653
0.027855758119514462
0.005979969661119355
0.03409176549061499
0.011643154383584431
0.06542681613409229
0.12597396972485342
0.007025489451912392
5.920131786041338e-05
0.08287361952044847
0.11267046986474583
0.01995550991296824
0.03785459718855577
0.044697900099741616
0.013003548101039542
0.06715199849400477
0.11912932559171452
0.03316451209258986
0.014651195451442334
0.11715833172268475
0.11629418625020804
0.5019259745281914
0.05065872083973488
0.014169245748952619
0.01150977599895242
0.1673398853354513
0.03342136182625666
0.08635999726201504
0.016946450936274005
0.08252840995325528
0.007327452614106278
0.3697361378442068
0.21917553361029718
0.011703050901218148
0.027962719648712664
0.002084667107155269
0.006599916645242843
0.00275630522970971
0.1137825138334847
0.01773063318918844
0.04390298124887693
0.0630514042772532
0.007427017981072481
0.21767228223997392
0.12791312996044013
0.0035437679075513984
0.038573163275181344
0.021246199801083776
0.10163386734305391
0.003908641300590432
0.0040509099342642685
0.005877285577177815
0.18360369573559154
0.04086289568988377
0.019934843584906048
0.0025704045945502685
0.009344679097026187
0.007181529847301249
0.012797148872280673
0.03356599926023307
0.009145075844159578
0.01852602086333377
0.23989047008578268
0.13432077904096218
0.02205042914469857
0.023531413981778826
0.06857175497864887
0.018314030536807024
0.0174298551532317
0.016375449778124107
0.004531106041582689
0.10414019932938601
9.616735759010453e-05
0.3300041218943477
0.0389916517216804
0.07354851817040498
0.045273121753254486
0.25885742101686304
0.0020840594842539417
0.003668010687476908
0.10831926463266939
0.006256712656067975
0.030658549299133142
0.037978927588028455
0.5352134450751009
0.005059611625682692
0.02630641644073961
0.025311091754396386
0.002733442412214515
0.0034016264666050233
0.008527656642279169
0.20033028346498583
0.03970413401943773
0.020761101990103725
0.0016093551184823696
0.24174299813392963
0.03740878476958187
0.02224163347853647
0.024904110642125943
0.030373924122713447
0.005513684205205038
0.0019263892570933194
0.0029215566537317272
0.047109333796086617
0.0012123850031073857
0.01688572439984881
0.045480394755131215
0.010132555793525455
0.0015764085083276314
0.003289879630813175
0.07217861222746791
0.008160008994991585
0.003317766194427918
0.019768348698562477
0.26057026311081444
0.016865016585988712
0.2725396555191182
0.057936975963684745
0.1519456045659524
0.011629128843203773
0.20228844786055333
0.047253433394253364
0.020023668742702228
0.03751138110067842
0.004708155413794657
0.07732285287909235
0.04124817527760172
0.03866545095471707
0.004358918133284817
0.009547980601467998
0.02483361898796943
0.03337542106397251
0.01139372520655968
0.44124477933389983
0.04817968323878574
0.04214838647347108
0.18058236476920797
0.08401433895588895
0.028192786549190885
0.0061676387949276545
0.04145001869571274
0.004603083692202858
0.287405409233763
0.0019167256378480602
0.017172715780979786
0.06735123924364927
0.0655990286987489
0.11512857610242122
0.0011703134461171771
0.08218158029600886
0.023802641489311327
0.006865686965753071
0.04222645507041278
0.004862876058837173
0.02933873741578452
0.014924706069756155
0.037138217328397616
0.14523537067896797
0.0026384107517003486
0.00031911797259454033
0.026808926245266207
0.06493258330723961
0.320679681113603
0.027968503296328606
0.013544324002509711
0.03128757513495373
0.00777054466990279
0.023559349722411582
0.011358642292861987
0.0021213498922136864
0.008710267258862814
0.017985279747378513
0.09256493677566624
0.08221666837927444
0.005604813247529705
0.03314845120615928
0.005599961110831941
0.0006508443831236832
0.013565709182508101
0.017118299639598433
0.010044705235600304
0.03862128608776061
0.016140849509163502
0.36220903295411944
0.13807541108436538
0.05651549276446133
0.14101339752683373
0.12208847480003016
0.0038505385235794165
0.0038264951335378328
0.028132625279432943
0.029633896471125354
0.04227415270259627
0.009452296371648572
0.08266199025433707
0.0028337335327464075
0.03818550718816738
0.018341134452136032
0.13778832149726838
0.0024929220426699317
0.04271469067517586
0.0008660841261445285
0.006558048781755588
0.44131098815324066
0.2294548182176186
0.8664811823469662
0.03302212059426779
0.29543187113643654
0.0003193462274424519
0.12706184006588472
0.02194083658599766
0.010399756175253572
0.004943145014522088
0.005091828260596287
0.07485961491769189
0.020518380044933338
0.12063114267318298
0.04755606727322714
0.024313135595939173
0.27425144426886305
0.028975761809647338
0.15148462084166425
0.4690152582655216
0.021829568329856386
0.18244481411979763
0.004090245415035554
0.028678811760322276
0.06815865992463443
0.0025388468808174025
0.02089378559261945
0.002886998775878169
0.05045722331175284
0.015445371799771124
0.054286840469565334
0.01952727432296797
0.05275745913969132
0.012513070729667675
0.003226450262800995
0.12779670575756086
0.0012866034869389864
0.015391181741989612
0.09926371691710756
0.09112580516836744
0.00010802178775293214
0.01643453943241724
0.10157065577526936
0.18542367468854337
0.15589033752226555
0.2564128331576967
0.009556212852729118
8.019587458107935e-05
0.04999229498999824
0.030253952126763295
0.01219243600484532
0.016672521449393685
0.16107613393044318
0.004154183139213785
0.028040160616455978
0.016749926884472188
0.014576364244852869
0.01790040674605109
0.00609761364044914
0.04122429122026716
0.005797533451641357
0.02578231127387909
0.009078835790155892
0.1029191945275656
0.010230138731195382
0.016507971456555026
0.03887403110304177
0.005309617986277715
0.413048886497009
0.02353488724040176
0.056140560190662825
0.05169908299929915
0.007988087920878684
0.0005708348362531979
0.029165255185041872
0.011752603391869343
0.03588638899532981
0.19900125822699266
0.07298703852149657
0.05137449788513493
0.0074954259617427965
0.0065516708796877765
0.012224514355551719
0.005121943354637892
0.018496774592208
0.00012100090609123981
0.04586785375973079
0.005316169761755418
0.10923097811762261
0.03185820672445061
0.051581608546115376
0.010595562449523754
0.032461856714775195
0.002813983612611537
0.011412109194353093
0.1806282777439776
0.01290813314798811
0.02081833104347197
0.013562228206836835
0.14771198635462213
0.005764478612348967
0.023562059177010042
0.01518131361463304
0.11927944466118845
0.017538715118917025
0.0041598854614193215
0.002507515953269035
0.0035333611371584084
0.0014864376162080362
0.019344654189652033
0.08355306937828288
0.07800533004019883
0.01173235548637308
0.18767879260708753
0.015734528260566094
0.2721158059101896
0.03557172446554091
0.1060236639054466
0.056420505619158234
0.010710403517691702
0.003723957282645074
0.08348400243509957
0.04170604752405893
0.33934863050947683
0.02707965257441458
0.03485771882490951
0.0036381307982082944
0.009425326239338006
0.1522984688030391
0.048302470103195105
0.11626359772601802
0.08457908036784545
0.45257549540234265
0.07325551256545282
0.018354607437217396
0.08153115901991725
0.005030892757076799
0.015850043547317227
0.041063725708326615
0.06074583183024629
0.16850436191656115
0.010798649443373165
0.19102604232212173
0.20387496589992793
0.003176757965292154
0.01953029405160578
0.010023034396951402
0.01183804107770925
0.22571717142722036
0.04838211754064048
0.11395313284175757
0.027600483539302445
0.05181529086357273
0.003732159034882443
0.0010695880096989185
0.0046986921309155605
0.0011993876566975814
0.004975643458635659
0.0038122582836734864
0.04016404482500491
0.005239085561456136
0.02756803042970546
0.04922821753376638
0.012713766219249578
0.21842768218684228
0.0889886442097918
0.6421878437280668
0.03144429576514085
0.039413848318531564
0.008832609095350108
0.027507340326522467
0.002810900284316631
0.09337842938028018
0.22787878520705362
0.02486085295583962
0.0038590762083998698
0.010828006143484004
0.009057744206245388
0.0004283726765237361
0.10890500481765741
0.01508843533169113
0.09154352220264173
0.0004358301178797319
0.01740946628842721
0.021808269148721138
0.016164257121516812
0.021150608463301523
0.01566104695844217
0.018903368442494184
0.024421050270746036
0.008739903284435968
0.15806679024032633
0.005769307885501007
0.060082369695123816
0.013391245851721578
0.16359132079871586
0.12543967391636102
0.07145477846640347
0.1649367841815632
0.029693510097189346
0.09417814227927579
0.0035176446291984576
0.007451645429043197
0.009806226543901175
0.005289776821072678
0.09924206682491388
0.009379283460376087
0.05977885276449513
0.031966564857583535
0.07857339095505722
0.007332689040580931
0.13625965234780324
0.0004260176817467709
0.037401919125741756
0.05283988150469554
0.009667343699774733
0.014791250083717955
0.011841877826157088
0.011795970107968401
0.06270109444093919
0.06432558635043506
0.05476451204938826
0.03658115388948602
0.007960879709841606
0.01785523183933435
0.046364513130257023
0.007547784757477416
0.020540356239834523
0.3079965288526836
0.020483132250532776
0.027796312425564906
0.00698238105155724
0.00622097960338408
0.0009419075328338522
0.006564889603609458
0.037158547293770994
0.15063978023457025
0.00614698420073978
0.006254441647172371
0.0053996340821527156
0.03266215311424503
0.01044733107896434
0.01996877907836847
0.008603699677962595
0.20896638279714352
0.014262001713447603
0.0017788566403567074
0.04659653739795999
0.022248167058108947
0.0007206680228932782
0.0004073989050965565
0.2028590863380657
0.17038829002399325
0.14460926939580077
0.029399138613428022
0.03828793109320827
0.020392251788976523
0.06632585915002664
0.05959550973470584
0.017153098260735078
0.14265989023098768
0.0031083170739520938
0.04670137537787866
0.016081725311067885
0.02067470133324889
0.0643510324882186
0.06074708691406272
0.022831141899217755
0.00403093359248885
0.020806362902163755
0.06328201688327795
0.007501350156076114
0.05143504225405593
0.03570477254108084
0.0015929346561307511
0.011733840207568846
0.05008882545352833
0.021406148658314805
0.011745284591484051
0.773195654831369
0.0031553350816864167
0.04252809928566137
2.5556609415389175e-06
0.009320191199535088
0.033544141046064624
0.03486777061644375
0.11297080603932841
0.020192534654952965
0.022831867017046648
0.016213025646749202
0.0031740423236357174
0.42633699659914726
0.4108188664892367
0.029320386138479648
0.046367941965300474
0.004841860377254648
0.0286636859235756
0.32283771505046843
0.1816203493506947
0.008729647719405875
0.0018010431952006911
0.021122797354422573
0.005512677902572705
0.04646457066542098
0.02423975079199181
0.0023867967751556307
0.07279595993097132
0.037172259563533316
0.014902604437494915
0.06648151621504894
0.030229866677970563
0.021650568609217657
0.029243315968031425
0.0005552986481518474
0.003927541825476055
0.0762098966211795
0.084998335006091
0.020360295410412732
0.0138914863296975
0.15556755809355138
0.005859830407871414
0.010150927477639016
0.017315162765683567
0.06652782907131893
0.03870236362047308
0.003462449931603828
0.006911398286263193
0.08327499074398759
0.03552645586643166
0.002605209864356084
0.04872525340863376
0.052282651557803206
0.0213017216925806
0.014322748256503814
0.2329689234729102
0.1504752316466238
0.01988560893832414
0.06109237308069737
0.02945301172835002
0.007097963271661456
0.02303130238315987
0.02530750677462379
0.011430538274183277
0.1109892665075165
0.09225761815027056
0.026204338013442907
0.026505512847947443
0.024267157904404257
0.002215354117311108
0.016386757502431237
0.056421911743171904
0.18628571801562543
0.01190778765935363
0.009855724402612509
0.013786819711029352
0.05965997408578971
0.0005037692914271474
0.003463280204186958
0.10704793543618507
0.009533441664700604
0.014030303635450991
0.002356559333222208
0.019686833105978963
0.06918680273234656
0.03116216823467255
0.0024633845418264855
0.011058511069819588
0.003579770921447789
0.04708125259575979
0.025706063966723036
0.008335940539538456
0.0010134536657915305
0.003287239397366193
0.12536834785633744
0.005073027644272088
0.005922066373187818
0.036619509866525846
0.015965788906115108
0.03290230200926203
0.012656832894052172
0.19667855961451153
0.0030166599100738267
0.06367093440680094
0.03289002664342888
0.014037839918643158
0.00913283613101612
0.12578867246654113
0.08333796356160406
0.012238638549604275
0.01894848857844522
0.04191911206527266
0.006214709614894787
0.016374837453156488
0.18200205706700956
0.11910020158279622
0.02412144775111358
0.004368317520786036
0.0012563611879414793
0.00014563910247034073
0.10780967884277004
0.05241231862190432
0.045434515840725
0.06399240721769672
0.017678639639825633
0.011868068189869518
0.17200833001875537
0.0004310714770809909
0.012163550938112166
0.002995529867249047
0.012837709252735863
0.0076627880495721
0.029308005483954958
0.04841824855442667
0.03908355480348291
0.05714110505300596
0.05662636586119163
0.23610037174425713
0.05200994428695083
0.1758402111926074
0.3484757726136962
0.009277669153561874
0.023429787988021644
0.015268033113571278
0.03647174046868429
0.0009858014325203612
0.18832464694290252
5.395503191607531e-05
1.9961419326364194e-06
