duration
0.0006186050444929592
0.0022557890031075223
0.0023087536797939956
0.002801773439674915
0.0004383966503961334
0.004834813137227334
0.10842489777107023
0.07004579494721752
0.4023704330798945
0.01726341483949234
0.2220883894621657
0.08417889268318302
0.014708111383483935
0.0019519418735707283
0.12458026904963093
0.001662192298192533
0.04293421976671974
0.003250989374835367
0.030033266400807168
0.005882163968014886
0.021415429896835203
0.0008765171243334535
0.006547384536544243
0.001702881711644011
0.037795536838024724
0.2160128449287244
0.045166189594726625
0.0183175241640825
0.0035456231242125824
0.021530019788705168
0.02546825794175689
0.020147496002588916
0.023441083106019
0.0061924229507672734
0.0007314456943223746
0.0073060964805060635
0.08483413595165601
0.04716425137750768
0.1327444029381164
0.018025802092047627
0.007068676781397443
0.003898245399986955
0.01860565429067229
0.0066165409082881155
0.007200348479668328
0.007154187895102915
0.010184168492365586
0.06562563226256923
0.019793836248950925
0.04649201310980189
0.07470270259711231
0.20367026904314578
0.004114854784920574
0.0995600659073963
0.013631685817414585
0.09055036101921488
0.06668973266828182
0.5343720653443773
0.28465347766289817
0.013347875019942279
0.0050845098655134535
0.07325907986701452
0.005906477759882733
0.18239673445997084
0.04839715347123885
0.3349161901464317
0.07184231337894431
0.006461701195384251
0.03118147001426763
0.00039666601004206825
0.014112132579233716
0.00677271494290288
0.022899774714156607
0.0009710964641129749
0.10781072826316063
0.016270826153654383
0.026377463042454252
0.029534216487734355
9.148478199527688e-05
0.0013192407479234447
0.009489653668930842
0.008646223435697209
0.008109254173550795
0.11158869758326695
0.04612027953624498
0.020456439581201025
0.005312173961961264
0.014525023637689927
0.128170766232639
0.2080050105773683
0.17983351737568043
0.009333080649598813
0.00033796583700684835
0.1157245039589796
0.050741784653110855
0.019514690791417877
0.017822997207936453
0.0026921629548830595
0.007055034217687606
0.057795011758944526
0.001688798839786898
0.22351746571316689
0.009968892618438474
0.018695345557597776
0.02574818014705116
0.005284864172951487
0.006866879785823343
0.06238553924977097
0.01555731692282869
0.003818640002105411
0.004935149308641584
0.0448392043489374
0.31330991840583344
0.000436322900938535
0.04490839022455617
0.03227606611837075
0.021554865207793483
0.01182432111432874
0.014601725587727543
0.000389643157504338
0.15563123519011413
0.003559994023628832
0.029977908039079182
0.13211079902482226
0.07769799383607534
0.015748128650969306
0.015196750382667545
0.1956862444164713
0.24704074392103692
0.01654760748554196
0.22281483514979428
0.0023199543521457144
0.09735931941113662
0.020097025941865354
0.011514629312543434
0.001682000474882983
