duration
0.4756141626217084
0.2963211552093522
0.04426915928587438
0.13843755485024922
0.020933663638844857
0.033126832423056696
0.023207991149819085
0.11151904468141405
0.048046019051296796
0.022807960507448932
0.003062105372271251
0.027150764778040237
0.007267311301714763
0.0592024233697126
0.03303614197436522
0.0053468318311375995
0.022821681355389423
0.01364465599693876
0.1464911650871974
0.07078498903512198
0.0026264439714154264
0.012083515204037276
0.0005234368429434255
0.09488192845709964
0.020980030691805318
0.12268775900039497
0.006287515377993991
0.16533417795441085
0.03590674058527554
0.016192245524781157
0.012171842909841857
0.020558371947076992
0.030624773893118018
0.08850923288112256
0.2827680348455335
0.06916193900006284
0.23934653730576017
0.052439741968035136
0.15109789527231676
0.00865594270376846
0.021461535751754468
0.05976147719388436
0.02454504690638082
0.00699590355743851
0.04272613193426622
0.07493138448537451
0.09605297269208535
0.08724369039404323
0.027402649422789693
0.010340536208452988
0.007274046398919154
0.22659896356726605
0.05086204884837997
0.07176218276183377
0.10673972438749502
0.0033200583506562964
0.019599724454614886
0.004630862663631774
0.008972218870738402
0.019084306237761695
0.032632870899039546
0.05718096074226864
0.01978009462813546
0.01849372649936143
0.044051328653413435
0.025903754278726154
0.01764511279100489
0.028872035869529356
0.02760520579797543
0.11451715308464827
0.09080490843044586
0.028064565188401502
0.0034106617930795835
0.02408837277682352
0.1171823961764531
0.007853398403554479
0.0029157930053145265
0.11365141810711066
0.09061232806356401
0.015910522273522076
0.04355508855737611
0.03166668933482697
0.055117793884129185
0.09860013773607079
0.04442125433952526
8.339293557924066e-05
0.025985727600868813
0.009479234241226209
0.017644641263068195
0.0007080938488925881
0.0028772828610499346
0.017599946660979526
0.0007532215188206237
0.03829011120465964
0.027878617520514126
0.041583234792788915
0.002663910448035267
0.007146140882525742
0.10498936300737682
0.014038307375344061
0.14737943509037166
0.056720338065339604
0.43128439676142705
0.11038254055694097
0.022814132370299944
0.03065305430621379
0.009107423485239963
0.04814961202809798
0.0474744101831277
0.031144344468998497
0.015709482193237534
0.033378663493287775
0.05808723867290411
0.127690349136671
0.02372597957639755
0.026488541494870788
0.02299628873367965
0.005418952084873752
0.10842444549913921
0.004969680550360067
0.04138629152546258
0.0030363779738706853
0.08386540027744616
0.023571669198616974
0.08932282444014561
0.007067633226796488
0.007734386286166739
0.022655123717932213
0.0112903872072323
0.1209388099126869
0.14524580204233928
0.012588924513870836
0.0019572701750689703
0.05708334248182467
0.00777199172874532
0.015676572827182156
0.012010490811334762
0.0028854158674889163
0.03952015737098691
0.14834756430416007
0.09310431299645927
0.003281155853464668
0.07348623970753465
0.0052867321190746
0.024164345669738907
0.026645905527495017
0.08259631024557734
0.04066250236538593
0.16851443689738943
0.10632367179406543
0.0027232460216310983
0.016393474783640727
0.009919394500606415
0.019596053433716065
0.004440452928577088
0.12788114856088129
0.21069304896822416
0.012567004642946245
0.01599101817295434
0.04223786637651017
0.027506434344658715
0.0048161192715809875
0.15534978714779868
0.1136123207883486
0.037537903447258714
0.0016884999492674524
0.09018856908109285
0.14574584525345813
0.09407023286699712
0.018456335643065813
0.031235050119576613
0.08409279852388352
0.09713400875614298
0.32593934724664564
0.024402095793732315
0.009586285683255369
0.05768175752513116
0.11234857119958974
0.0059233930139726
0.19746502366611196
0.009213700634575162
0.03654588439385975
0.05208060897014377
0.03383379469691761
0.01134757666261521
0.06994534912124095
0.004474701068659215
0.2115126554484874
0.03505210915278667
0.05813413653758914
0.0056358781933738555
0.03553048580563711
0.023219513765340594
0.0039003762160803035
0.03272402071669944
0.00026140221028470023
0.01841669184125294
0.023323804939749948
0.057997674758141216
0.019498993922837826
0.19721121176341683
0.0286041617460171
0.07983265316296695
0.14663493517119264
0.13204904747395574
0.09717427384477162
0.04652774365320056
0.02691622442873154
0.19058550376406913
0.010174421158254177
0.06997418655051035
0.042117415699280514
0.013303529830068328
0.005750481009215491
0.046240938727720504
0.0054713745547871895
0.07363081010888095
0.04473828066922181
0.09577784922072397
0.0049160180151233135
0.0030591539891275943
0.004060202708032534
0.17469594547225142
0.036831185863064775
0.042201145951693775
0.08900211044733908
0.1210386662450702
0.08879218043249182
0.32854807455466073
0.003697062960938524
0.10190894081070212
0.04316072689150019
0.16798471347706823
0.09687561310076376
0.35094044351491505
