duration
0.002747742011338511
0.005958421279543463
0.09405164180407899
0.0032729118960857506
0.011986541595113698
0.012370517000648396
0.01210150398288623
0.07338695412564533
0.03888664688510002
0.039050108048386045
0.12367681909967998
0.07622946037386513
0.020459022355753476
0.0004821574773159476
0.0006739085599507533
0.1617779585089505
0.06072555243927935
0.01871235192553211
0.038820655178215535
0.012292027265739414
0.005527201967184592
0.013775284339472726
0.0039020097795643416
0.00021882357765345972
0.02178358431751004
0.004960383417793146
0.004325165079404059
0.027344135027585814
0.008001346655610142
0.04332144188924758
0.016477738648434048
0.01038647889887212
0.014121302271657754
0.015542382025904189
0.004035147677504902
0.04676770366164895
0.009685816444618744
0.028155089204422445
0.020186274580617614
0.005835330069143829
0.07734689347751278
0.0015534326768342765
0.04028448787486738
0.019716832166891685
0.18572435273604526
0.042590851775221594
0.029216888048342327
0.022288715499193756
0.051877369485378466
0.002470483053480521
0.06145823969638364
0.030867223980211023
0.11094584129986451
0.01681690119533208
0.07902796401429057
0.0008821342391094333
0.0653953789381827
0.06732378883518564
0.07738860943232417
0.03364800620981612
0.07547168207900867
0.06858019598511333
0.0006184620901823479
0.024437999181202485
0.004575200121111678
0.17876174908530373
0.00480493514130842
0.002909297402014843
0.003508922834821959
0.00920982613049226
0.2036684486322482
0.1196412434105234
0.012131935138722127
0.01738832234601162
0.03054703876499687
0.00939642535606744
0.04028996897485193
0.11838116038923907
0.014535734077435691
0.01776816006942994
0.0371958319567085
0.001601528071734748
0.006409000673993859
0.01118878151764413
0.0016726406710692032
0.013983177431114768
0.00648312001053597
0.010093004962634211
0.02091111191816708
0.004767696509469843
0.0060156515316371895
0.07586638457721939
0.004934874614669127
0.013608179794099229
0.007988895044436006
0.07597492652418047
0.007563638418981
0.11396454569217873
0.013811543747868527
0.00514629678360734
0.19482216340959368
0.19227624504805618
0.0522553572704787
0.0023871321092272524
0.24582393052430618
0.012486002827795772
0.01907040971403262
0.1498028045522517
0.004259329216612429
0.036981549317737006
0.012730490934977468
0.10693971388442947
0.0012722178888608937
0.0004484018290789038
0.1805855367988265
0.01688335245605188
0.015238742967628838
0.012226653593252479
0.0022974419111925215
0.012504840609707912
