duration
0.05446347438043103
0.009773645215000903
0.05127502866331246
0.04658936763723487
0.0007107843331559671
0.07232894909571463
0.12290105053340783
0.01917256048742466
0.02250990490371807
0.01141957303681096
0.0021165709481216766
0.03905600707874246
0.001830495452375125
0.07598927502772757
0.13208548244298246
0.027932358779136024
0.04990271907363919
0.08203369267500005
0.04233579199890425
0.020223827484650236
0.11269864777647509
0.030399944585077776
0.0752269486152386
0.10187742704192182
0.18702484909906758
0.34527480742801586
0.027419059865991358
0.22889392337652836
0.0891899696188716
0.05298155679943406
0.06199637236535693
0.0037048716062528797
0.0040278144820007356
0.004683853996024112
0.015487874511961763
0.02259113787305722
0.031000713296975846
0.2189714651305401
0.1394516726751185
0.033188147049440175
0.020521176677089414
0.1862829668638497
0.0064654813219107155
0.008617211593858087
0.431799488847183
0.015853740095128188
0.007172567120708351
0.15741923559841453
0.2842198628692252
0.013394835354635148
0.0853491723253903
0.009869327146503792
0.025354254502499174
0.10648963900984043
0.03040624022495564
0.04709621489723048
0.04012042893165102
0.006526114391284921
0.01712886860882179
0.027095317593797574
0.003232637549405837
0.044663103443227214
0.04730012793307381
0.012459785724907135
0.007746673103433466
0.0046108871865939705
0.003730832728209066
0.2560928422485915
0.03080948389108329
0.02448210686493013
0.0010868361836458007
0.018422560160530566
0.0626103277512513
0.01804038288840104
0.005822749388563864
0.017878405461758007
0.06390140057679616
0.07347656905847799
0.07050168270529866
0.05797762907769766
0.031956211204310137
0.00863909117681061
0.025995851446474205
0.008676613972475877
0.03024458548121345
0.022281045366867147
0.0006906886132895806
0.04334690989586676
0.007074958214104754
0.05296266167643893
0.04922476609237236
0.018391701893889945
0.010690354706873961
0.06404472214825319
0.008763442355927964
0.0034509239780362577
0.18996888546070068
0.08764803132294219
0.007509259112033817
0.04700647235281252
0.02069026457112244
0.040355422095885274
0.16552655505883251
0.06589197093212817
0.022309492975416845
0.01937488610411009
0.010397282354709603
0.05753647593228095
0.04925674979112671
0.11823677171800995
0.005836912496825164
0.025745013835376085
0.07067735860151458
0.02755186467371118
0.016535598876942004
0.005058353038151608
0.013280203091433407
0.011441124621455856
0.003114433910468506
0.0010161825113570444
0.0497372540652421
0.11665875168979056
0.003856058546595875
0.01606932727727184
0.15811494479669363
0.033562746487184825
0.13739322081822536
0.019191840405554217
0.014208947288473439
0.008039638980839925
0.009758252013931212
0.1414411848888122
0.020359202969366663
0.09878219264931687
0.07662285190524187
0.11094602444834578
0.001556225458656968
0.00597213071299052
0.009144622667314195
0.012889657403341914
0.01258948487055278
0.044267353461521
0.15669286439526786
0.08309489254943969
0.4296608986841193
0.024771699307038375
0.07542521959066306
0.2917621539264772
0.008901556222795648
0.215122986121159
0.008416696731558204
0.38707177927895486
0.05194595695513726
0.08867154618475581
0.0004394719366445088
0.08344841663242164
0.027766429757733135
0.30654464570618245
0.010567070188400862
0.06229110078014344
0.0034981998577165996
0.07204535780603294
0.03171544451566888
0.006108275974625599
0.1307010548808023
0.06641190005015574
0.0653476569565754
0.018610293537491884
0.0036066703320756233
0.006838993064192778
0.1179000735021134
0.018386003144684082
0.011136401861719492
0.013510881639348327
0.07265865278925787
0.017763443333052464
0.014938162095319285
0.0047620803930783495
0.03791012109891767
0.032733410198986235
0.018212159380411208
0.044960485631392544
0.03447599443329352
0.10652629365930011
0.10635005160750666
0.045651472922372704
0.0014629738614218013
0.08776632253022854
0.00137715592011034
0.02612460776107639
0.07295697532713064
0.01525026882100633
0.012532712226786202
0.4144628188362276
0.0006397543167935282
0.049263864235442156
0.01506743100071617
0.07654417643783518
0.00976842535682465
0.02527521805524202
0.027941780241576453
0.003140209707268582
0.115153798719561
0.012889517121735139
0.11752573730041149
0.1320945697217013
0.029330468181242964
0.07721598908014471
0.1658474305214952
