duration
0.5123066597098589
0.03296239382994659
0.4491561467706724
0.05860674538266042
0.0018284017957610477
0.04533511332779461
0.18321395572110744
0.001082883190059114
0.00852620455533959
0.012628024386355907
0.02251355910836006
0.050632754169871674
0.002582360743674794
0.007453960938652138
0.010769502402621534
0.029342859549046807
0.11329189774019444
0.07494873430468019
0.05562045948362826
0.014269141157328136
0.1266033818736414
0.21065356665344215
0.0006604870018422915
0.05846786174385876
0.010654592109334615
0.03206779065465781
0.016666521086819763
0.11765123183112625
0.01253217387387906
0.036091692899852035
0.002397105172729397
0.015132978041043188
0.09182608576797335
0.05928975674725656
0.054103191978507326
0.2696227115475178
0.023580195841041984
0.004954873029699769
0.01397560281548138
0.016628451643898146
0.01698215527775737
0.010309679132747718
0.006790377944652093
0.0002522341625290636
0.01609675387459042
0.1305290343229295
0.2098966410265497
0.3322385952401099
0.014503074254704984
0.023692124562016303
0.017181514073724813
0.010971569476597054
0.015128878685599645
0.008911001822404785
0.0027686200467549327
0.00340976367992063
0.010020493248497075
0.009825012326603044
5.014681634918361e-05
0.013490720399339295
0.00019041890389814853
0.004054256481976992
0.004284282615893531
0.005518609141866193
0.05635882721168173
0.013308816745691843
0.030312774048205426
0.004645754122336143
0.017557333268005237
0.006171278457514973
0.1071602314472564
0.010757420816304375
0.002162308144516345
0.011837467506435218
0.042861266391824415
0.0058106627131699895
0.015180837432122729
0.187007088015541
0.00015051090651141408
0.02588345535031067
0.013033014345335658
0.020655048142476318
0.011402072533780228
0.0306913246892897
0.01250615059390725
0.00329417508956098
0.20644750999817418
0.18970246110399103
0.07380181424994348
0.009204602299348608
0.033023782328459816
0.04373555782323635
0.002473678344493635
0.005237238368653863
0.028718706325047805
0.043497252653448726
0.02654566985614437
0.002311974061399269
0.024366926450138493
0.017559492108723873
0.040228272283091115
0.14195598008453914
0.007292924015921187
0.0637543819680566
0.03326781639305665
0.014000635799948924
0.25532154671492435
0.022385654100855135
0.013116030498128595
0.03985388679210189
0.04805741695724919
0.0008757328005906118
0.09040807933562789
0.1718507399455227
0.10830569855064809
0.0087114682824172
0.04377691173421283
0.07784534261634235
0.08326168751527163
0.017157616332699632
0.014678432675278685
0.23559004590673638
0.0038490223649105815
0.20628539291892167
0.0757768910747636
0.15236173439426182
0.004395889269424913
0.013205883118892814
0.02895417167368919
0.01421937487066316
0.005142213320802114
0.07000736042739675
0.15922721434050402
0.044140992868637596
0.07521730080395272
0.005636786145814199
0.004954225527391998
0.006838247066497161
0.024605079196518886
0.09044061341713672
0.03191668139130854
0.008051639231766217
0.05813150998155692
0.004487111357349249
0.08128621597941077
0.20441335141507722
0.004068594889083954
0.021136403367222556
0.029390410584824167
0.012288381566150974
0.06048923957372665
0.13684294326038327
0.005042663027040817
0.09788007410629262
0.017240496092988167
0.0064655072898034405
0.01810580549634011
0.03403069122716573
0.04096121978258083
0.0020249005649688456
0.018972193156024275
0.00669473796466491
0.013596286806837554
0.014210088260291798
0.015381099909674845
0.008204952870066506
0.08049682712641015
0.012683782396273102
0.022047386853415674
0.01343720615837185
0.00016585327451679177
0.0018174846023484292
0.015515897821018143
0.023789755187856088
0.005969588461688602
0.039629332528988925
0.002449784564767299
0.2020947232679191
0.12487234808386205
0.0017990014270381494
0.10326080049117792
0.04319738101612103
0.03513783544852345
0.0645820298260773
0.049494565557480996
0.006852754622649115
0.004001228997843498
0.02719251939542744
0.004361935381346882
0.006691160107472172
0.33351292156838497
0.09739770331626119
0.0031437611716356173
0.056423217564919526
0.0423145262979574
0.018964299564636633
0.0554559918318418
0.01175588182082521
0.012232203180360557
0.002903653738378864
0.0008102428023590846
0.025970013776486667
0.01891546569869007
0.0140797420369978
0.016624832425804925
0.10679476397966425
0.018735377515618268
0.0018596616220207807
0.05309433147866116
0.001625662359145963
0.004801908540230215
0.007864936432994796
0.01995557718033325
0.03128977126255705
0.14727488982690318
0.0037538522948068476
0.004859565441179825
0.03244093027144146
0.030327896406483035
0.0281877487220612
0.035137118137825496
0.0122894793162871
0.012061668460212616
0.028267280703516917
0.008946526401750532
0.3351127682024142
0.057394721895093426
0.049044271421841756
0.007072589737049384
0.009243414353214519
0.018320268113953375
0.02897405318755375
0.02781563775236151
0.001690860682295181
0.2197899334819695
0.0017592448611338796
0.08372784609765915
0.07351976027601381
0.027993557312697703
0.00342130624421344
0.006756163112171976
0.010518784874868459
0.041572287091256044
0.028498725991028095
0.06272512724181922
0.018036717754377207
0.00303141009631247
0.07442760112679281
0.283925146061776
0.003287008071261255
0.014792064314917752
0.005809626836715154
0.0010552388904372378
0.0004542120483677081
0.022429597726983275
0.009815545604688225
0.00040291713386864103
0.027578968102922374
0.051897236908772015
0.005690979455408751
0.014957360689393795
0.007318579167815642
0.013019125380182572
0.06423001919029048
0.00812213665182071
0.2790021032165271
0.0228764139638713
0.03470838303711332
0.03462024846345457
0.011359068942539352
0.002236548800141236
0.14357651541169503
0.006978757928621349
0.009365807390395275
0.009482468972038305
0.12240522224516326
0.04479485957647
0.013748377303343773
0.011790880308254259
0.06731444089463423
0.011328556130237644
0.07259551503504724
0.07637515216815416
0.0013889871765115913
0.0005709609214505917
0.03172063290755034
0.005611295226827906
0.0065327928173672944
0.009769184020697708
0.017622081992882954
0.05469617843741048
0.042600302609102414
0.059725736760356085
0.21885909622490374
0.06665838010738412
0.005859510481187158
0.13158308856561973
0.18007322721794594
0.12583104216624008
0.0018459401155865862
0.019095553392943998
0.007036638940491002
0.017032321208603207
0.09549662212737076
0.01596649019944607
0.014001958776063361
0.010032620982826757
0.0011073160824253137
0.061062468321736674
0.003466216282475898
0.00997593519909401
0.05297278717372933
0.08332561274734473
0.003601689533240915
0.013192724906147646
0.02042774513790846
0.021567257247994576
0.3539172907219239
0.004624597821717202
0.008390148896310734
0.013622231213858527
0.1046722232828472
0.03722032846037848
0.006956710528541521
0.03407427888998882
0.02507621610732258
0.03454522247091063
0.008784212770152067
0.0026491158491950273
0.015633460541053523
0.005714881836240693
0.013686998130452821
0.022335334636466087
0.012430981546614817
0.03180907140705358
0.014092132673610536
0.008282435483337736
0.02250376628722961
0.012010136463558752
0.016086890262329234
0.07488117278431616
0.023233964109181215
0.0494308857122121
0.01859249437674748
0.0428229437056018
0.0769539886510131
0.10906795853577478
0.06826799585675758
0.022171250828890265
0.042018328015259954
0.02388849074267796
0.039729927666570575
0.09885621251268617
0.004638111841842374
0.16998517745146557
0.09673285137432686
0.003092728496810082
0.019091560906758787
0.009137279601901582
0.003582525501485634
0.0004123498222696753
0.050705309569551105
0.05506562055188624
0.11198338068253122
0.03655246210405494
0.0030827127362016427
0.09135388016885315
0.055803852703974144
0.013650544028749323
0.006560355763554071
0.0540916319990572
0.08474592688988025
0.006867789321404416
0.04285065755307471
0.06268629623410504
0.003273765379290694
0.05592056177410143
0.008506849439839925
0.01694915986534795
0.14564944081072895
0.018185373287479933
0.018273520672821064
0.044631321301750404
0.002804601400995921
0.05112568921701666
0.008180246585737905
0.004201302735779677
0.014914321843775724
0.11212349559481538
0.06480179608048786
0.005773500690679612
