duration
0.015716513466722537
0.0038840578841967677
0.29848388073710996
0.004416495895344319
0.06488935183945888
0.11180959612667607
0.03805618501051722
0.21364568740944812
0.1751496245480837
0.007659090326583851
0.05824870714212338
0.07041282647259983
0.04099535668975207
0.10518055272125082
0.05630726016167742
0.003551269822949621
0.002245554161095953
0.057136264069928444
0.0158355169082256
0.0333597740244862
0.11451044013937306
0.006202378271217057
0.0043368097159621755
0.1283709738966401
0.11173938047120302
0.006118107295694841
0.05636279768068775
0.012591980333652941
0.04202954353904431
0.0312224973146904
0.02525731036205414
0.13133452761891817
0.015570496273543455
0.052447586320631956
0.009121119453428861
0.5336050809296395
0.010605157583711389
0.03973889750525572
0.0059064407714508604
0.06215073495046752
0.01937029889716868
0.0007944995199551386
0.07264125309514924
0.055677511328639184
0.1268701622989319
0.04949517680201865
0.0003588358799611058
0.00915162052793761
0.010843288717357069
0.035495186769022524
0.1201311004631016
0.019635050680111732
0.3606017725372084
0.02546484632821233
0.055462791954774104
0.0050210259720060435
0.004592596335232457
0.0978253476960198
0.16188554219758444
0.041664822218180575
0.006127933170894551
0.025918651279297933
0.006508783667221962
0.06791800167641071
0.058724651546846474
0.027774583667032005
0.01625054864134512
0.010366453578122048
0.06835654158391691
0.03572902371714548
0.013152937383935637
0.030412379327280803
0.05628596768281113
0.0077766606341995725
0.04266864883500432
0.3704328049835439
0.0016084637332482998
0.119454193372313
0.04329591588548709
0.03701478021481819
0.03201501108959803
0.05920120096698156
0.031523039069035974
0.006098333893341135
0.02343998772516187
0.0308629987583231
0.014567673432708261
0.012441517461908802
0.050782567957696756
0.09720151175793035
0.03806060445028692
0.08911451238169832
0.060289019556535095
0.05416429749953977
0.039020397640207705
7.505354292192123e-05
0.05507716224146719
0.15980971393608456
0.00564264961503369
0.23584089000083708
0.19055554408272712
0.04912640286077874
0.02561019093862882
0.007499319598970544
0.055964576292687696
0.018998549583280067
0.058837637539774335
0.004604937320898728
0.003729575091384163
0.16786026703044143
0.015740416751022224
0.015194603745179336
0.25646647274914613
0.01321353205631226
0.017279689346210603
0.050906502983792734
0.0898910674800888
0.011615380586299295
0.028155483656462366
0.3073238607906177
0.01674961653553453
0.07361508870074829
0.09023842127808024
0.009921785228399926
0.0616085935237507
0.05453161154206754
0.025847126817225785
0.3659167667047072
0.023437034007713464
0.016262637107757882
0.27589809429363044
0.16757357871892253
0.007330657077915248
0.14532885591157907
0.05623766915672945
0.05211757784834248
0.027068362679067093
0.019683678988201336
0.1484790915876033
0.07154127222424478
0.03395087463839275
0.029610866967303195
0.015393755579367507
0.018437195435893727
0.008731773931174303
0.20951340097704474
0.021004424401851907
0.09129475107610574
0.572343424622801
0.08486014420307697
0.03315473674528846
0.019215006584900607
0.016913168004322188
0.011786298710148913
0.01564735208344814
0.01862931963171377
0.004141482161998056
0.01799710700421997
0.007489937598364804
0.45639877490751246
0.007063836679293445
0.10826867587499578
0.1577595760270185
0.03930620156724274
0.060039883122669835
0.0001883172152190582
0.03789637051797001
0.030380251192468677
0.05755432124594506
0.011767673244577281
0.02921629781017998
0.01254781806072458
0.0273863823186673
0.006975349027143807
0.09436639382569467
0.2258302215316803
0.12718415183000786
0.007418016816444606
0.004256489589621992
0.17192619992262337
0.12612036762868684
0.009533091155802254
0.006883084036289233
0.008605979796541874
0.03694133069687666
0.005589252439364145
0.016985892935494462
0.02296646543983627
0.27859342045998403
0.06369448615186002
0.028699476650885458
0.0026261777292830857
0.03682136995844587
0.0010396911893906235
0.04866895149149286
0.03479784849479017
0.018131035812544383
0.014805346348111925
0.02609836899436857
0.0015280623606770405
0.06916006987509604
0.00725587211168488
0.13335829985828695
0.011383777720922694
0.14068892943326716
0.0015445077374351968
0.02219460176144139
0.06907742521840987
0.1976627677047702
0.04967933131803193
0.17527268013596142
0.010158874627450132
0.028135021450893305
0.06295731400383886
0.23678219166474435
0.1979386237648697
0.03692957119814366
0.10527857611700142
0.05457011673090051
0.07920803823243716
0.03855659782385601
0.006791967237106178
0.04097826707352681
0.13919844055196506
