duration
0.0026563603132575835
0.03219304316133509
0.02746225493210841
0.02871412231976933
0.055977724810430285
0.013040103792401503
0.04249393662922252
0.008989168028560535
0.025526544794605144
0.03592057632525947
0.014915474955079944
0.031403360000138214
0.20273091037719748
0.0399697264054506
0.027783013404443224
0.021484690572515674
0.020332762219023692
0.00884378959625387
0.11949281294860548
0.05689174288890797
0.09364981130998906
0.0665207399181238
0.008844752779632259
0.02694753316261611
0.18438433540949895
0.014112053705666483
0.01204410630712971
0.0563922675287678
0.1044245021396577
0.011979343894989114
0.22736778617835895
0.037337813490573524
0.008322241898891747
0.003384057315258815
0.041933516303657825
0.09018419922877641
0.03467919644379336
0.06103407392444282
0.013213413862757761
0.009514365199812858
0.026909630590477462
0.04500042460327691
0.040328910153750286
0.016652259588433083
0.18009504534593646
0.006759261632566904
0.025221057129581226
0.10204292291399142
0.009965199363485056
0.001095038855730479
0.053281264544413176
0.01002615466052248
0.017513671431888866
0.08950519330970863
0.012808359362384891
0.02044784040291603
0.07311071965562022
0.042401003366038026
0.12226196552379065
0.05836163016217455
0.0030214731906710313
0.026354045955621075
0.015319459111630351
0.0297701835982096
0.006613290991175802
0.04346921159918793
0.0019361349745565803
0.03150228694109103
0.13612783838830467
0.023500882068383078
0.30149276420340243
0.012143533792119854
0.34550824422150583
0.0855035488142164
0.00015857169061206378
0.06496957613272514
0.025036919027279225
0.014837409965288373
0.0029078477583510676
0.014720919200641447
0.029715974424377123
0.01255220985323291
0.0693860507239279
0.008597036732709284
0.03433929166111227
0.07463292960179757
0.025652004883873758
0.05535019080188164
0.06226770403480941
0.00648650111261162
0.0033133490597947457
0.03387363198842763
0.047364969573941096
0.005427377264226152
0.09905765149702717
0.024339621562866398
0.0007250561040734738
0.01832362544309518
0.1886273655150461
0.012107363104448154
0.061095036011906245
0.300754563985727
0.05615622898341144
0.06052904089486333
0.26462754653391585
0.028484021100382506
0.0015846897563775997
0.028038534012658545
0.0431810346197139
0.0012669659379227483
0.011835041198793306
0.02593935640265954
0.2500939921652403
0.25837972447597224
0.030685610226022675
0.0017143174320111143
0.05050648802334479
0.0033800907827341575
0.02608423534663018
0.017129686961304458
0.00552543959957319
0.17107336097339498
0.2025557195951464
0.002804522973789858
0.021162513172711783
0.31999337666403704
0.05550286364684354
0.04033805642307442
0.10118781405873989
0.016722122313197474
0.055175878338822315
0.012636530314210859
0.1731546714404999
0.1287330642959148
0.003334736574899466
0.17834804663787907
0.3335321007786547
0.1379407478369501
0.07680238695775188
0.0025443901239867728
0.07272593594747434
0.0024215327131287268
0.019743843816186768
0.056928502460650066
0.0012289744311004824
0.14821300140214078
0.015496755336712909
0.02185621645064373
0.05093096802643515
0.04642945191254455
0.03131248737696524
0.004874433805355238
0.010022534529937843
0.03491842714558402
0.03534194817173386
0.052654604875840505
0.056101903349699
0.13947549247799884
0.019628229345727277
0.044230858028271314
0.04333860937182976
0.02622282097878781
0.0755389355231415
0.18183815129199843
0.12150794651063279
0.004974625144711808
0.0022287591504124293
0.1410134839681092
0.1505813661897264
0.008491663877975952
0.007530092598088345
0.015606721673847801
0.00887590051495124
0.05032454464840441
0.021857384820251013
0.00987061147846191
0.0028799213365289233
0.011911686411252731
0.1233418388440839
0.1032301930023749
0.09176385848724067
0.01819010541788657
0.017904605073525204
0.041763052701810466
0.0032121579280612877
0.06101728764869563
0.21721818005656246
0.017460879924513506
0.26736298322829555
0.03752038077718112
0.010369907759184116
0.008547806188332174
0.10772012373561779
0.04064673118294593
0.0063563672508308855
0.005845194437696932
0.06503592798480895
0.0139329260316714
0.023330050883473064
0.006082148935533382
0.03503456961651352
0.04238260340117961
0.02989484759622485
0.060155556359035245
0.07313156583859381
0.058106252258355084
0.0359662595095358
0.06404333850265687
0.016765300240038528
0.11170659695574159
0.023599418675829043
0.02188693359589422
0.07430221617869393
0.044089232216961705
0.021409987881909842
0.007355734762839461
0.029510840512983805
0.012571143566177057
0.04266671830238522
0.026758415531134006
0.0003953322481891064
0.002330319992807972
0.04617424506666623
0.007239854633326104
0.05743732961688863
0.03678493567073815
0.0037539191757502977
0.1824030235413403
0.16759929581603217
0.04745796062390184
0.004499777837125407
0.03131697216836926
0.1544266877061773
0.10005967647079217
0.017750419632307057
0.0067164911656334425
0.0009124514274247986
0.19533346804328744
0.08257837690912595
0.06814110487212588
0.01341877866228458
0.006722117139432271
0.290951246858711
0.12043847036730426
0.07210864750223323
0.05060110922174488
0.14428552198039313
0.0010825103412770432
0.041877439189704546
0.011482730170683908
0.0030651702669217684
0.0034915292000619047
0.0023589607339431495
0.03218814993510932
0.0004540626225661981
0.006107934815190674
0.036044962796182745
0.036525171960903435
0.0015484575418724944
0.10955267369496369
0.0014634012491967496
0.05853979755622163
0.06860316148166135
0.11158490129417942
0.029250195249943545
0.005192819235446677
0.05569551147107177
0.03510589846675316
0.014975067866799918
0.07443756372708776
0.12977415689059058
0.01039933456917197
0.018523955839128803
0.030720025924438232
0.17941329136715467
0.0023696098120069564
0.002346715395958654
0.11094585257689005
0.052404878922118314
0.11625813095548665
0.07848325416628654
0.06221351947851872
0.010267851374209158
0.02948054683199075
0.006692910867172941
0.04227519176029659
0.007728761767708647
0.04868874238994181
0.04317718601171805
0.002545821900127976
0.002690410509501362
0.06353965077477142
0.04180109078097871
0.027557655747187937
0.024381442373567097
0.017851379131371914
0.03447110471142878
0.2364515611893978
0.018322972524174475
0.02046912398387235
0.006038162642340694
0.05724745142873644
0.0004898250726625974
0.07157100740076316
0.008222792528442824
0.02451731807158808
0.031299786753606895
0.0598163822022002
0.029876185733826333
0.04207349810116057
0.01331958924333776
0.009869658930369951
0.015148454899332364
0.07323242212018499
0.002010522131882908
0.011654641322280668
0.012462961597151434
0.016125638206744952
0.046987879381902076
0.06067122902589972
0.0037805269606963066
0.0021387884375485555
0.03187582634384967
0.0994075977693285
0.13556245562983804
0.00293954103113947
0.26312546380640356
0.016718019631014158
0.029042424859142102
0.0032228615725102827
0.1956241438504378
0.040461598065576254
0.03288827716451692
0.027210640652356233
0.006702316904750205
0.005675144750256322
0.05261575894726889
0.03562687331444181
0.07972544324152864
0.039052919089385796
0.06004761410326864
0.3494107969935669
0.17670148118472184
0.010871307578554479
0.10553359871849466
0.009488641374559847
0.00024290464361342856
0.00275551725690093
0.06225823472644265
0.004174059308894584
0.16688890521828625
0.004326375909613489
0.02917707126519531
0.09941798781281364
0.0022550805437902
0.047360573809697826
0.01153789214785661
0.07005069130633501
0.003015111221600364
0.022014649559139343
0.002828818271638056
0.010914369837053073
0.06362855593204131
0.06350420586917949
0.003323849701587278
0.07684753703995284
0.016736162964917867
0.024578410467512413
0.01568655161392485
0.017517172841252204
0.06835784097853548
0.02572499350145563
0.0063787242336275085
0.014709283274953577
0.08029743497169761
0.02157283793602005
0.04019843830050718
0.004051078959804499
0.1355191349978213
0.005248359227806532
0.019853851901558528
0.007259992148732408
0.038345831223466575
0.03955795295462394
0.04405302727670346
0.11590359712411669
0.015911754530606004
0.10138265909205302
0.025013117987697342
0.026703275396641857
0.020678266197364792
0.16252264086026003
0.13710921586064728
0.004618238396943752
0.2962894382691843
0.04445259324887729
0.07765375924572027
0.03598245926738741
0.04560711550857377
0.2498525312528841
0.17488358326846765
0.16342004111987762
0.0018398695259804754
0.18503328924606421
0.08424411993468084
0.0031590303418909116
0.08859470136320624
0.0030176833722066476
0.01973290845407405
0.022080278003500098
0.06371107812313426
0.010912919958002476
0.12535631267996905
0.011547227815242422
0.02800703425268125
0.10010117588672074
0.045548678565353384
0.047372622114011165
0.11514524961148709
0.09445557680766115
0.06412257570181623
0.045584982328364276
0.007015342827486393
0.04017855882048593
0.000905625042776137
0.0765471444003083
0.5399086043997272
0.05018298530660559
0.006728494433986043
0.004467947824736029
0.004339325043730469
0.1616689598084804
0.05213692275600579
0.05957282107377182
0.2094570697410063
0.10672483624210827
0.055646886265520834
0.057468545537460614
0.06266026923896106
0.013764862575470715
0.17354206299901875
0.07297050998175791
0.01294780823519659
0.16950043367157264
0.028606458324105688
0.002498561295340096
0.05699763780850731
0.07996807181166332
0.0716542956764954
0.0023444960833671757
0.048665850411822476
0.07842118475591064
0.043838563842996336
0.025219169330284785
0.041052675705344654
0.017822448611354957
0.005977195866279317
0.006367812453902388
0.09813744568751304
0.0032654499620150546
0.026483061848466605
0.02863887650300967
0.04200635819069021
0.1852852684127697
0.09455369292172122
0.00929280798260379
0.044267489676769856
0.017030564002538995
0.01321307415702222
0.013793853051538463
0.02154392423375384
0.2908090331310973
0.004271183288778957
0.022840197414808472
0.2874639827010128
0.03318441552133322
0.028727009819021987
0.0906751811726565
0.11827355899475833
0.015551727054457842
0.126288516754272
0.08476468664363779
0.02553409667191886
0.027655515588605795
0.016011956376928538
0.09446543940225638
0.05673429794271101
0.09642959166751552
0.0248371056061103
0.11095836705339934
0.004809919191785639
0.020129846020068953
0.019109019994800747
0.004558818791423391
0.005872834989844478
0.0006163450681526683
0.044518408482417726
0.05046873540720753
0.045671598638961086
0.11338682872855088
0.014510897640690246
0.016336851431731247
0.08282211825681429
0.049259848975736986
0.014880876474762772
0.03687744290800765
0.1541085388280976
0.021106288039106857
0.06674228503942459
0.026035401727540375
0.02130167746298639
0.043690743926845244
0.015829824401066617
0.0007301204150280682
0.12506592655586246
0.01543207434406213
0.027554184681378047
0.18718708160253072
0.07961192731119127
0.1234069613346378
0.11665514455052062
0.007794382325812421
0.02494395568839991
0.01639132966067791
0.006455873460083694
0.00979824202073587
0.0737140478511833
0.07196930438635718
0.025649385004044234
0.0323029687278904
0.16073954460244977
0.1544710127802773
0.00888140476541821
0.07543407647392542
0.008326502032105054
0.05158402921210836
0.0039281042119228005
0.27224977820782215
0.04065407644759489
0.2580853764357016
0.09761056890778264
0.0351522603147032
0.05274101464732439
0.028145226931144407
0.06660546151448443
0.030473915142238184
0.01060196786556844
0.04792339470554907
0.0005274879865169169
0.13852243851039248
0.05113548411611646
0.08088011416106156
0.00026188146529193546
0.0026655351624071955
0.06689404164768575
0.01855837109917502
0.25260710554346133
0.10560582226139559
0.049158994275273926
0.37190600414095343
0.030107275553802992
0.009847656479678335
0.08536031183456316
0.07016519626000672
0.0103211723570098
0.02049559358465558
0.002312094143064769
0.03109697025411151
0.175273485468324
0.09655602845140265
0.005474123123519803
0.06418746613434223
0.016852457600634807
0.24003729580613253
0.1609588149802903
0.5159656957483776
0.005646613819976665
0.1287508506334234
0.030713149033601894
0.08947484778980197
0.022060897934352397
0.020745929849169897
0.06020556358214435
0.014940112786007376
0.1254471933762602
0.003976976241006014
0.040029139409625714
0.003946947419649405
0.0662071306036296
0.07389561596778549
0.04905660860123362
1.530405205585339e-05
0.027101925632052826
0.01591761529107316
0.05273057813013793
0.08290824831306054
0.00025298102974602443
0.0028396666706385076
0.11928472078886898
0.09106131759546088
0.04540345951352265
0.13116134535772517
0.02912741838281363
0.015495419513968045
0.0013250413965124608
0.17875198047971708
0.019910948289691532
0.011928582148982514
0.005893613898251715
0.1495739249703547
0.09019245895137828
0.09500169496664057
0.047036640700923726
0.035007541054767444
0.042406674366020525
0.01406967039713436
0.017861473851496612
0.003269541049178315
0.07894054067685374
0.05112365735550384
0.03933254364403638
0.001529081467879223
0.022619007487321596
0.029012090177161554
0.07823040132376491
0.018795538123356437
0.016295090051016814
0.02602296713348551
0.0591299317678704
0.0898513742670275
0.02219992819698291
0.051590347432522776
0.4306296346267118
0.005891588069403042
0.01365268856216062
0.001923072522856728
0.07664571697176825
0.009780087587216713
0.014344665704015824
0.1242633376620006
0.13994536736657892
0.023419510408871247
0.005636876473943175
0.0002107661584886955
0.0074072813928296455
0.01598096450493358
0.036405729802027054
0.13114335656410958
0.2457668836530047
0.18971627739387031
0.044864536988541204
0.0032857078576853382
0.07056765758818528
0.015749476777216387
0.09086522945210618
0.02924380638336288
0.11258928189556627
0.0014989257068123152
0.012925261833856894
0.027396872432916552
2.043956425268334e-05
0.00031622124816976793
0.03059345929347046
0.10055652631626799
0.045241445799547364
0.1503827684230714
0.004256421858485737
0.09022847950183177
0.009878945929870042
0.0716278893631852
0.09896578824924518
0.18893217616687252
0.09019220819487828
0.05215276527525248
0.05206655092621304
0.0012562236441340247
0.004316292706050717
0.023883744472016133
0.04020659274846139
0.109720904271569
0.1833246649770217
0.11526154232097952
0.0014735823275486837
0.006732468910968237
0.02705151299511499
0.036800092555722586
0.05810585105371047
0.13818943162783626
0.027166274253886513
0.02125659952952219
0.19367263171051263
0.08997479408441222
0.0009016337248795026
0.0287779052176802
0.03212076561555932
0.0008019589930086113
0.019273012898850084
0.1677508900630187
0.052818776466892814
0.06316326921717064
0.03708426032630996
0.025311958165218584
0.0014016803314120807
0.026902909023249322
0.0292938893593373
0.0720844138195389
0.020920178830522218
0.01713062754186012
6.934512032330531e-05
0.0051641028164226555
0.0701789017577994
0.11695716025997172
0.24286750894896159
0.011435615310858793
0.09984640870538897
0.30356881327884366
0.001675080916186289
0.11314199829075733
0.010829015376771167
0.009328569664148745
0.05732887758506422
0.03805274803960401
0.0360900542791569
0.0513659021555668
0.15229908759738464
0.20927820833742317
0.0024486679261030986
0.06728171378836123
0.04215193513266513
0.04417672508088799
0.015409253598136274
0.11674189874503327
0.04591088764431106
0.01021138381321407
0.1933638314583277
0.042245738499275376
0.021619987758356274
0.05218369153914182
0.027694543398922633
0.0810321212316012
0.10093088853147947
0.11778839952921771
0.16991067234170032
0.03619047266920461
0.001073171396910766
0.013747064807205334
0.032972792754662805
0.0025383640497693705
0.07336712847961735
0.04494754271104284
0.0022219013160906798
0.2672028199434635
1.7362865889936074e-05
0.06825162434580534
0.014643922399500298
0.4742886279820482
0.043841951463775786
0.07047381127142671
0.000455341869781023
0.06731870528778927
0.011723457178277386
0.022862117294835116
0.011474609829917881
0.05968012223115693
0.033254391738807954
0.0144362794323456
0.04297129341523487
0.1151794646305575
0.2714932510430117
0.01742715199640088
0.033623757748671323
0.03397785974004819
0.007917468952086892
0.048322524340790096
0.05066277043147238
0.10682180350545423
0.03024548211635647
0.07096715662640918
0.014497858389859175
0.10952373174336572
0.02216757094777222
0.03728274954301014
0.014237116096239788
0.09675842140126178
0.0644912706014793
0.049917472219362935
0.008762687528303559
0.0441270944498342
0.015133467790462873
0.1279867410093516
0.10681765109569596
0.03708174860662439
0.04085494973560344
0.035483957447752346
0.05131723972613145
0.06686342303976289
0.05632291462990224
0.07311633792090788
0.11002552710198188
0.024884317735370587
0.016346989932515044
0.10760770431858191
0.02912454934028119
0.07322398691411536
0.08549408268589787
0.019349679809920417
0.00976883832851172
0.007305159240274861
0.019405339097886554
0.018988433360050294
0.009601938315199732
0.015568276583678653
0.05468163983454133
0.03174853968357638
0.001887580470508965
0.048061676313864155
0.027496257832012816
0.04615292560094986
0.035444520826786174
0.03263855143990213
0.05368484931267403
0.0024979277279726375
0.10079409971012865
0.0901040360139973
0.061101121683179827
0.14480343991778
0.08512583136422336
0.0035658061726167034
0.023743089770221104
0.009201446608301467
0.002567493933440801
0.010612962512425383
0.1681252517432199
0.08073734216497996
0.16302781663534915
0.08842677755569639
0.08718567817470557
0.009645092646337616
0.09439910454858591
0.20508516658310327
0.05607039515206225
0.010060948777720569
0.019893423144537792
0.4315222085250525
0.04693183543855639
0.07384975978055763
0.05705992588065101
0.03862203706660239
0.018105588825164887
0.1753609835272414
0.01224414299849741
0.005967578027593845
0.029580571608448736
0.03985576277227665
0.01535483877836441
0.009938267604297835
0.0008132777859941598
0.14556522033507235
0.1268301903721749
0.03244157001961412
0.022780463650008187
0.10847391331793688
0.020298195637508343
0.011050528987937014
0.010476976735901644
0.0018730202039023425
0.030092017373021918
0.0016115277139192585
0.11866620059356592
0.30196910052245585
0.026020021568115226
0.08523516567430534
0.0022626011719921735
0.08356739768612442
0.07647541598129237
0.03998589538855413
0.26450330144655254
0.029691316032312898
0.10252101384884327
0.17566883002041322
0.009249500439864278
0.019261725101955562
0.00010245599440850128
0.039399687227728464
0.16138936302445472
0.061922308457894815
0.013617175705746831
0.005408169284635278
0.0716266127259928
0.02558275830523371
0.11358133752241883
0.019134785970095436
0.01936692271061702
0.08007772847150818
0.028018631266661487
0.009738500286516683
0.014059008521940086
0.0015496701243478128
0.12160240347515128
0.02809728450432658
0.0017428769896810081
0.005443642156535589
0.020680394898420218
0.0018168268019280731
0.012475655035075306
0.022599569226201766
0.005635975952259287
0.061970234431100835
0.005685621326904311
0.03337026964834422
0.22548689493203256
0.1580464018749126
0.006698349760540623
0.01763541678792535
0.0033649443248009447
0.009976549424607128
0.14124593878221958
0.010337856319438288
0.03812514221192487
0.02363155470499123
0.030504251290835782
0.08224756614242779
0.019090696978480537
0.023540208272265772
0.04169347657352773
0.060926231535461284
0.0565272501763161
0.013622009069365504
0.0032699755957423804
0.015240669998604517
0.1528198085872532
0.11153879703851999
0.021467614158723336
0.09125153270349529
0.028829709776061918
0.11749928408710275
0.2667078069551394
0.0714253599879271
0.010122561454465995
0.2055696069262467
0.004452402345862083
0.03028498221431164
0.35300534614964363
0.10387161719967253
0.01007836478174795
0.10310719157052972
0.1416224036742051
0.01349300167180445
0.08314982817114469
0.06224867994126271
0.0364014986543566
0.039446415345139485
0.028779046404906694
0.011938223308902707
0.033541509925100854
0.032382122280466774
0.10681043087521402
0.008838650657480684
0.002204263770011039
0.031217065209375505
0.016254115987067053
0.009773949391330916
0.017639569371453945
0.09668477453811875
0.0029597332801927223
0.0005336589850912787
0.21366150831744335
0.029797676688872343
0.06187791785788477
0.04806236634362904
0.036141610360232335
0.004165376843104696
0.07928460006399973
0.035279431580477194
0.010275412451051125
0.018334155349862158
0.012683048103212968
0.0011755223562204264
0.012317532836050304
0.04823569981721221
0.031619670346913153
0.007887058082985732
0.009394060006229665
0.11077987350364538
0.02044620042238421
0.17769160442469456
0.11046159174065906
0.0248963940278486
0.08013414464164725
0.04182707347911219
0.09529720290606747
0.012097660748565886
0.06293352202118285
0.0373097113238714
0.08640278777170352
0.1303274372895089
0.0073644018665959265
0.028221760752160208
0.020838876269465345
0.1638432720035894
0.0813611414296247
0.012754381394245229
0.128276726746833
0.09414964376537682
0.16419620359044984
0.0005422203154239469
0.0021134821894293054
0.024516977680661967
0.03987993573508675
0.15369919514915864
0.015418207275615714
0.04028142843014848
0.0043566644640691266
0.062096552963566864
0.07865377098551107
0.03617123731117999
0.013730777009527628
0.03307463563157853
0.08219142465168261
0.09890957567404257
0.09697459270421405
0.025512506829045378
0.008202850111274529
0.03075174427692673
0.051533012534264344
0.011444659621929532
0.09805965694329188
0.15306614675057517
0.06724495469620706
0.03210146471212738
0.01572182331676686
0.0675920210841241
0.13710599277294477
0.041051222840451373
0.019805772718655135
0.21522813632509497
0.11354587818436812
0.021747102172639643
0.051232574948130605
0.1056730686134415
0.005713993779068005
0.23200708935712555
0.005646113336297276
0.09392481835334365
0.035948327013102244
0.05381789916145863
0.01689178133221958
0.002847881430511734
0.025304028442292292
0.04803370445586097
0.08646231109287328
0.17619070605394427
0.027701496703230077
0.016338849523322097
0.026048227195360596
0.01771434216527723
0.01300079163013379
0.015449631026399402
0.01852840346634821
0.017499304942816707
0.003847880120474656
0.013747144540730005
0.04038856689453496
0.14652398876364714
0.5551273070948355
0.010070218924965957
0.010153357589842926
0.0013233863454615857
0.059468127513355284
0.021813312283029518
0.26649046478371474
0.03237942256112092
0.0024516729723700337
0.008315909276689126
0.025938916404243173
0.04351709277136706
0.36342583142948115
0.041825283984735506
0.0014187696428962226
0.03689084112556884
0.03139171781629102
0.06368991454075967
0.10600376381171372
0.020623478163429354
0.0019844413661758153
0.026781520557278782
0.31437409810712325
0.09287305972964077
0.02280921644785394
0.00835086844642774
0.40183852373581885
0.01855808652567248
0.0034730657903310203
0.007414661761572461
0.024303467581148652
0.003674236243341511
0.026465387161351828
0.040949277225195146
0.07712609504710599
0.3298654403056389
0.0036385152038747037
0.05707578321471374
0.06388996563430283
0.07037694535438277
0.035291496875174744
0.03885717099660724
0.004694753353419401
0.003468287298460382
0.056659212423369354
0.045037784432565786
0.004892968891340388
0.0016541566614023395
0.04948586866714777
0.10785909977437314
0.013281822883072891
0.04089529952807425
0.07233288170812102
0.1285128564062461
0.06850841643949934
0.03808242040895493
0.01329625294363268
0.06229309578327502
0.25205673238144755
0.03925203670598876
0.11287782704903293
0.035254066471338774
0.016034638935366274
0.046570759720225396
0.05172865944939531
0.005667565486419335
0.11635172374121794
0.16890481834980164
0.00791310132262879
0.010625763397115406
0.017370824923773398
0.03312462816415973
0.005172852513283033
0.03767407713303328
0.015971460148648475
0.021872202380677663
0.0029587531292918356
0.028952281364013288
0.0019515310863198465
0.008607816225435272
0.03234472335009286
0.009346083145715056
0.09284222130395392
0.02871721885912848
0.024316253567349122
0.05592891844651149
0.004572548145347355
0.0784378893521307
0.1348592433732847
0.20495423314173422
0.04877737605409038
0.03124769368832858
0.08866233550133984
0.04650450296787767
0.49487949030390155
0.04337517916349043
0.0120152721398199
0.08421793298862212
0.005175778780767359
0.09808926550567776
0.06900291162196481
0.1059480977576186
0.01642161577092338
0.02295188383141067
0.03008952929553743
0.09674493137310947
0.016790286211858074
0.04942798258764469
0.06440314480209963
0.0005562815232451612
0.0804836727655811
0.10105773585985389
0.1976573643478332
0.04274693801914964
0.23893844302938305
0.0006688032312922587
0.04689977430007275
0.06835508492042663
0.016146876059679016
0.00632098046480678
0.18197454210519481
0.0032793815632885526
0.0002673171837841437
0.00845351690645657
0.025931691386404054
0.08787656473748484
0.05455394646548939
0.024383644351246403
0.1416574259636718
0.01784960188660989
0.09132801601117535
0.0018159169735554315
0.0869863271362874
0.02528655990045081
0.08859621505087034
0.01065528211097444
0.02108013240786022
0.00019855468667628884
0.009401592397352942
0.015110577150949212
0.03341722377479073
0.1862707132338528
0.0007898295086761209
0.010093673150208815
0.0018605895207883805
0.017184943701295197
0.15370575534598174
0.031022285796439064
0.019033528594150084
0.008005650485642946
0.13566383592376496
0.0008735221200595333
0.019441402735651536
0.011628440768163273
0.019448889399200198
0.024411173718817736
0.033509622725091504
0.007254565160337734
0.003720988134432446
0.12720540848488326
0.044442541722219175
0.02333908111290839
0.0068611909920264225
0.07508184804885332
0.07876214221630562
0.011173899555956268
0.07270581692955602
0.006642937790502401
0.03908387964679605
0.004662363136617387
0.05415457412470914
0.04186756890817378
0.038037328130258174
0.11198157935780273
0.024342865974858796
0.037027065491315625
0.059140632879575605
0.029368073413934326
0.10693380221459847
0.18547183223608954
0.04873121734669894
0.010467786222761788
0.005136757481068344
0.03898812389638806
0.08173349221920034
0.10206275905613893
0.003056536015378697
0.07920062578602938
0.035096493935157014
0.10997180511139959
0.0010347641704129273
0.03688747645833246
0.08508305008626849
0.10624969367643189
0.03257143771872961
0.00757896529557911
0.11076276508299543
0.09963330994787611
0.0008670267829984368
0.08921545964244615
0.017637863980553448
0.05243465871092212
0.19095248683618138
0.06960120200005804
0.02947208324701478
0.17858335583798635
0.006613280814349309
0.05839683969156795
0.014706449412983602
0.0819181712003001
0.02446715622170359
0.013678153329806264
0.17329245382279623
0.28261396339837574
0.0010684589152560875
0.06546880911912467
0.06061471882242131
0.18434896001872403
0.04252686897837066
0.012660342091294297
0.03466617550657247
0.011874907900960352
0.025040018435447564
0.001280925141827538
0.09832873597065372
0.5443722922613006
0.0039840657223066955
0.08046735208495193
0.0027023347264503172
0.06396192847728344
0.04067796136018842
0.03385802049444919
0.002042746559936859
0.024063091334824094
0.46374456298963196
0.2346156953277614
0.03310817780766229
0.044403558162571244
0.09976992617259839
0.013852775924419802
0.014811941138759721
0.059241917932013166
0.018917559863439237
0.012584340897774382
0.03403281231896926
0.06532109122758811
0.036715003115205036
0.018112404605290067
0.006285466688154884
0.025082585052928152
0.011168878127705284
0.01151401577908473
0.012312815999280247
0.005658361368887199
0.014219125001432076
0.054382592777074024
0.0031906099102343433
0.04952726701287702
0.03902331287497418
0.005047210311090566
0.004333318008434617
0.002089926145913523
0.10347259278682941
0.03226964493671858
0.04613254612888795
0.04384735105736581
0.30123714250873945
0.06406388180926115
0.012164785990307792
0.02020697932493931
0.2832908418218949
0.16429144723019817
0.05325130397682187
0.001154949969873087
0.02431208376833638
0.05896348429212139
0.05062193906678658
0.13372221503595938
0.008338258724506886
0.0004943032612345633
0.10535298016236538
0.14663536921034392
0.01587344409654179
0.01267064546709662
0.3278613221125397
0.015450707299237365
0.15443299303433378
0.16826129234470955
0.03632602953632613
0.028085017463354234
0.013572797089523192
0.0023553106990448214
0.10077573612386459
0.030247554640709495
0.003521275747857544
0.06017105770558828
0.0010556067256857204
0.01599242173733728
0.0071182625755454865
0.052116368902261456
0.08178273189048468
0.06409956474658429
0.005397596648776926
0.14278360769094434
0.025673878964084906
0.029563313592689155
0.10476681322256809
0.03322712868271083
0.03392232463158962
0.10500249763049396
0.038814175820903074
0.07594800678771207
0.09192561363045115
0.02933577427745604
0.013756844064459983
0.0025881150753548354
0.01339193842431996
0.06550511444322638
0.07845139686219227
0.048809585867388705
0.041811595292756465
0.0029742088269131273
0.026549380516144083
0.014360258687247551
0.017128462252344434
0.14610883095429017
0.13148850155141645
0.5007360912067043
0.03829860543203267
0.0006543628342114971
0.0028749612844194417
0.06998617022668441
0.006483787652314277
0.2416447486735933
0.009889405338981305
0.0702466259308494
0.02270644339841965
0.009298792721438076
0.024438664042008895
0.01287039930082301
0.18068298029493235
0.038714660200753315
0.042267504977530734
0.11521156080630135
0.06181144743402456
0.04019191279326151
0.05254102352296286
0.011429241855353212
0.06790558239902111
0.03733777909599212
0.01563931994712675
0.027380461545703838
0.1298038855319419
0.004964854365653082
0.046525920928843334
0.09363109344678833
0.03357710888974452
0.006557279930916593
0.018944648889487326
0.06890250718254265
0.0028711969287087413
0.017950930926645015
0.11042400438384448
0.006137414552995324
0.10448014055043586
0.11980610740408792
0.10454330845493587
0.05235563110750263
0.08115512243625744
0.16693223991251216
0.014639571602629076
0.11877433328504594
0.018509175544977552
0.05672146333176897
0.05440991043860777
0.22537861275839077
0.03687103924914936
0.020961866535913032
0.014631795141099246
0.09901011711838237
0.2982480241059875
0.01973382469554963
0.0758630918645622
0.0115189004674221
0.0061695079357377836
0.14367048966448692
0.06347495332568087
0.00433353008713766
0.032724705727787295
0.004301485252995008
0.025728335155122295
0.008235319687855736
0.01207076879802571
0.025209874432562174
0.09450954888723118
0.020600995417566992
0.027924015050075468
0.01377456484067352
0.06403757163639057
0.03330446468635273
0.046092261130525
0.02877263153993681
0.06737842241375347
0.06509890365919091
0.003243298638722081
0.05882257891835252
0.003840923448024114
0.06033086729257775
0.019118282238991924
0.09636829588066576
0.013609619054591349
0.0316162632960868
0.024893074287660966
0.029157297862411724
0.033624391772832496
0.2566967536424727
0.045728487926794514
0.0314336383794398
0.06108249989347314
0.04447824133387712
0.027325936454985822
0.1042085091297622
0.008024106497373396
0.022876427437495295
0.006794024848318259
0.02164814848504193
0.13771932102542905
0.030107574443377416
0.07295768456515361
0.14419170070755172
0.14922584073042344
0.025275158893009575
0.03536226573328349
0.4558766481460452
0.05025476817661456
0.024475987077266836
0.003206940781751655
0.00873023896133418
0.022972491690325114
0.06425241708041085
0.06195337599774575
0.0025083894122417405
0.2636550810540257
0.01677724010176007
0.0746491468747763
0.047271939424831544
0.05010190419181981
0.04583830912827125
0.07811648942697502
0.028698905133410335
0.004790751968357654
0.06596971457213385
0.018954010994320925
0.001697519675985859
0.07881807138164731
0.01320538606739774
0.23436908551411761
0.02948256783065517
0.05865830909874603
0.020316511805617665
0.10623762820125648
0.006212081207308984
0.007731306181199216
0.04435621902359799
0.01638008995985274
0.017002801792273203
0.008133239790026892
0.022314710528917203
0.3726273849400741
0.0019524347859487534
0.0021861966183678305
0.05742644795304841
0.1768717363270298
0.04423928233927654
0.02774225245264006
0.06555349090194795
0.058534416105430864
0.1253072021307844
0.07325816274817498
0.0014103852640801051
0.023810472673972072
0.23932559100217077
0.0027908358864578986
0.018431236363994685
0.024252417419006633
0.0002491721505748501
0.12728840685940668
0.07561519011574092
0.09354142406846222
0.022825032851528704
0.03820548936982959
0.08979169127064779
0.10324947528283701
0.020053717662790405
0.00409721297944543
0.05248292850353664
0.023978974651527096
0.01962501701518704
0.0035546044244938457
0.02577429031975953
0.2301141590996849
0.002096246304063243
0.01081045376520251
0.01978489330440425
0.03950374588714567
0.017693037185949834
0.036118023477911265
0.027003680517168505
0.00818126419028431
0.02373049543803063
0.08613964046446654
0.01471253429428998
0.02577054472578766
0.0586061468642356
0.1734361061683103
0.05073246656252195
0.07767075977074
0.026610045810002703
0.00210730869832787
0.003999615621637531
0.02137670548142978
0.015567412709856399
0.009349922361479912
0.05651027295584754
0.081455912321303
0.0962664044121766
0.03107866691266281
0.011177110081007413
0.04748102983114677
0.0491040472657005
0.09206059737493888
0.011964766671326288
0.19370617271079027
0.17277806748541025
0.009046439320400168
0.04705990862294129
0.036725416163790214
0.02277833533003104
0.07352716172090368
0.012782749033817709
0.06660597552888703
0.07455373099844564
0.031009891961161884
0.03947932678443067
0.006255937487708252
0.11857752788989728
0.1001773918079607
0.02091992101861706
0.030441169611549412
0.11542553977528769
0.06250967172627497
0.04010326154059385
0.014010316049393623
0.011258621821866654
0.006698800810454486
0.008917219983572977
0.1476076878565209
0.048329067419331295
0.3602915669699769
0.04925153710928498
0.0625751629665956
0.009806933275626761
0.10074363133912811
0.02779878981073125
0.06499144259930745
0.011359366824990502
0.09033840598715415
0.07395503454563368
0.024079845618302897
0.10250046110331823
0.00965727923085069
0.05837609561751833
0.26068576624015805
0.049777629450545646
0.07739483045634188
0.2825205714202639
0.053277742043974285
0.06762262026472854
0.003960593542274182
0.022017777986889087
0.038482428253246326
0.24459298129499984
0.12738624566873114
0.009361986066210193
0.019543588513442955
0.02516411670171692
0.05517175780289563
0.07082783527846459
0.06874420762574118
0.1113473103494016
0.09000933524941956
0.0780615201516639
0.07522780492661241
0.021231921388562114
0.039457228062588
0.03275214153836714
0.016526273785984813
0.0360302642974375
0.004740775803611541
0.1279710495815607
0.017629454747293494
0.025725511851192095
0.03687106908535043
0.0008725610663304906
0.00428565641698242
0.33840234881756714
0.08580796810133506
0.02974055575498369
0.026521291433709848
0.057484972216570895
0.05308526761200483
0.005904421042259855
0.09988022555853604
0.0062455198020643365
0.1516171704631688
0.18060713125134953
0.16054353245499442
0.034843683994040475
0.0401831284165155
0.018067429031816573
0.030323022358174967
0.0017202687898816293
0.11320639876498717
0.022635003889604377
0.2146428612827549
0.08039533906537599
0.024134325490990705
0.035663786052055
0.06865749642111041
0.015768651477969797
0.009808941893197698
0.06150570261252142
0.0020395187576696117
0.2843580430220527
0.01734001179477218
0.0010853239341486187
0.11549222833525619
0.0030460198197488353
0.16324721288413002
0.04262773210734849
0.033131013453044034
0.15748403096438324
0.005639781394165766
0.014012467531074435
0.007410580349301199
0.0021639398059960513
0.08949108305478148
0.010195860264502699
0.06039329952602657
0.00015537402123300126
0.031073844271531925
0.2659713846953764
0.11335975857707581
0.04555804523045026
0.10893270291273893
0.1245524693971447
0.0396284282767283
0.1487653589833826
0.2695824947480787
0.017137210852865792
0.07474205245773646
0.046827420145746146
0.16399242609111297
0.004268662662298084
0.025056178924160122
0.014731799375113042
0.002348063328668104
0.04827337669860299
0.1170039090170576
0.08118329334956798
0.041136557238701243
0.0032333065656757753
0.1230399551066057
0.046864765097893724
0.10158477753736861
0.015151806684684743
0.008077487040964115
0.0019169650410049144
0.02796422300264112
0.021721799059491786
0.11611413134914983
0.1067954328967744
0.0210666559096353
0.026247495031611834
0.03285546034726394
0.03577138422178905
0.060580225968237755
0.012866048114688056
0.014302443311066781
0.2192736700911837
0.008948018079763642
0.10665695728778246
0.014269341843601069
0.03798921881013939
0.07165420970522973
0.07362195087898726
0.01606970109332906
0.005585869060496407
0.004393031497102129
0.029838750121257362
0.16619961508888537
0.006348293246333014
0.0409703161770949
0.025791498214630337
0.0715233866366134
0.04114135358133808
0.11285511508970103
0.15269581248162467
0.016783938651883545
0.006566971824213397
0.01833533034005086
0.0004024954804435765
0.01734574828890345
0.07992006195081558
0.20768056295241877
0.024268790542464558
0.024127154755092306
0.04018214150062249
0.1319252495877663
0.0014818422995404035
0.1810236132253067
0.09623891020453357
0.06216319474890497
0.04302016579083556
0.0678050907351917
0.05004410410890614
0.0026866390804798357
0.008249157999784984
0.027648633239323317
0.07699296549128576
0.04717436764690319
0.01852715899769919
0.06468563008957062
0.02728622143058601
0.04189388066947686
0.08606444237864253
0.03707325232369385
0.03017816409385432
0.02198838023366534
0.007221697734053123
0.011320452378981827
0.2972772949804039
0.1490332697287613
0.013606842793819851
0.08507812965660833
0.12356844816793
0.03701544271154944
0.1323755973655807
0.05794802543437072
0.002749683233446376
0.00650347207761115
0.053861890206803764
0.003956977518214444
0.09481907638678422
0.009516729088204556
0.005897610166812228
0.12508085918489087
0.15673413938998237
0.01422431278467684
0.057636244486957366
0.0067083569986152725
0.0071918598040383586
0.012707605461855564
0.026001570647167682
0.031745825511848125
0.0028552905334890966
0.04063381071625827
0.19121591775615343
0.008077920336972966
0.09125691958115567
0.020181806782943568
0.01859165153871345
0.000889882483988913
0.008942381166320956
0.00423495883421765
0.017145673901154623
0.018446261377221163
0.13296926003010867
0.13608037574010723
0.09476353518994074
0.07251259210329408
0.017455713403705886
0.0040142252190662475
0.0335093411466687
0.022916501727877403
0.020795367485561655
0.054400452683921685
0.06998694633045943
0.027149555935807257
0.0271687777697025
0.019577949513404747
0.0323778908384611
0.12462125957665648
0.025901306466039387
0.032516689493604645
0.002762229621566803
0.014154307736816918
0.3798691686182565
0.0740551980196642
0.009153118883773459
0.005329341237484186
0.06550813343108075
0.12601224119714516
0.05087122144834666
0.11055414807128727
0.0132113382027228
0.002703876461850996
0.02575254143607708
0.006953190791136876
0.01918752355425113
0.03246171633520589
0.06086945936681332
0.1798543179598937
0.046180146829328805
0.11586125334213193
0.01100314343420905
0.005160639889368213
0.009744798383394482
0.025188101935668783
0.01754768223725023
0.054461875375750424
0.07848527283010753
0.010445949805443888
0.15977256833502906
0.036538384448363104
0.15193048221726713
0.006969413044657813
0.04574233858511434
0.054919172429322316
0.05396548445071403
0.005694220914392645
0.27404782358155444
0.34179187999723126
0.17635561524036802
0.00022481332564439072
0.03606504809522448
0.0009890078206353792
0.07173841567157524
0.030860278957447917
0.12256901479634053
0.032199983486975725
0.027878285161023086
0.007776442892577506
0.08093800437382015
0.004473466632362033
0.030692689096781578
0.00863808021802015
0.08229981730244162
0.0077312705595886655
0.005870336221505568
0.1955912332831531
0.21755337585875623
0.02754633583811028
0.008384683655663139
0.02581773120834896
0.018668283975216582
0.01638521309200769
0.038639719427123964
0.01935020457358405
0.06285889795026378
0.018334946770323768
0.03984664035408514
0.013563925922312592
0.03763096157126711
0.009641853151606483
0.0026076391310425606
0.018002539522399275
0.020998113571067734
0.02358148054031517
0.013078984784669956
0.1728098231480999
0.16767640761975144
0.05858578658171609
0.025213591075612385
0.017552149567336528
0.018623964097514545
0.050767209930654644
0.06101946362286981
0.07058440519040232
0.01123455454046507
0.13981011311125258
0.09284318487812016
0.03857662250584326
0.037070900680646446
0.13002470901028573
0.022479535423372
0.0003135672475309548
0.000578680008743504
0.014572667018910579
0.09195137820142918
0.0017833808180967026
0.04066057378543064
0.06930439521784137
0.2895349148875539
0.02860793610454948
