duration
0.013438258391451189
0.005333656787902999
0.0026467638180747155
0.016087578268305383
0.0013379211420085219
0.004069977483201231
0.06513636429243017
0.13894915090494148
0.010073533773713672
0.004275680724441844
0.06453229416982953
0.02496274832731471
0.8238997566003488
0.038460370777802844
0.04760223944099229
0.026667064224123793
0.1666321629326264
0.031142627132172862
0.011245110273435444
0.015634866279295778
0.0408440737882283
0.021501754940497442
0.014361328941398632
0.03785118523825837
0.0029595835498028578
0.003975600766669363
0.07226660263947338
0.002517731676517254
0.00183487469449517
0.012593075559024225
0.0004544908180230678
0.05647065639408044
0.03031266911404451
0.03001216852441635
0.029077444673633046
0.07174362383568189
0.04200523738064588
0.025502513798689286
0.002046075437973194
0.1474931668196593
0.01599300624681188
0.009748550588738247
0.04882515751509775
0.04358496040278581
0.0015218487567869587
0.01604137117620663
0.01697889186662227
0.02257651907050562
0.0003798126984833061
0.003171512190711212
0.015646343200024226
0.365197159504806
0.03015132379327934
0.01592791390251147
0.0011767253058065918
0.017009167561274907
0.005169757824812216
0.007508424792842305
0.025152939024859045
0.009947509655240161
0.0030288194464942464
0.39411037356694045
0.010612667386712182
0.05002803158340097
0.030117089164867217
0.013311469877832494
0.0032811666407566165
0.13992017116898925
0.03825739593529942
0.22713168706646236
0.0015247393837407586
0.009805880865500605
0.004072527130432491
0.32164648101914484
0.10706652359048974
0.038552569840372364
0.0033831140820321792
0.11950726555415336
0.017854589695945222
0.004193944955238393
0.006906988547562776
0.001181082072186257
0.6871930237325117
0.018698829795910754
0.004399560292425164
0.008712745532383437
0.010210744025940244
0.011231176389076225
0.025824693709960655
0.01577070930133395
0.017465572936371743
0.02739535924989589
0.02000761571069276
0.015132138128471695
0.09582159011186953
0.017311775449623923
0.003864985768982976
0.021949645519178773
0.030766548398332816
0.027802491008815267
0.021243386157234312
0.012701436440508473
0.0046239498668185774
0.00943703262796447
0.013293465558680495
0.0037904202960916678
0.0015074549143516691
0.0105719582370849
0.04182676464751012
0.015941497779236258
0.24719050130429743
0.05359346719835223
0.056707689486735546
0.009077300598518079
0.036842754651503995
0.0020440502923033677
0.021065315555704345
0.00598749355755146
0.24824763182025222
0.13843947465919193
0.0002844928577943051
0.019332441975356218
0.02432921065204141
0.11684748993973493
0.24024183650707442
0.005864195309088771
0.015379973567705818
0.012174626375804465
0.09080311242250616
0.517550617459035
0.011269981670986695
0.006597572908839666
0.08387110386224705
0.12648398512858172
0.009416693024457246
0.10453586348557131
0.30462095611832574
0.19166222272028577
0.029276393874761553
0.033895370199429564
0.03236276331349153
0.0012676107693554428
0.0168066007101082
0.008309500105976753
0.056009351610788016
0.011175598602084946
0.0063060562941874565
0.048817392064039566
0.014146514913758068
0.0006735784468148154
0.011880862085156707
0.08918232857401875
0.00047768264809633365
0.06543510232406291
0.028284049723797722
0.003813643888783247
0.0015516799634589518
0.051924775011105595
0.037887692125259775
0.076224567643429
0.06063678835973718
0.18767788610840697
0.01459585016463194
0.01754590768138442
0.029218407667798374
0.010367353909082055
0.029608245411139933
0.001947822803977317
0.04447970211767682
0.09961421272239335
0.05873084741125112
0.007642903342279794
0.0037990971418260244
0.023620444112619765
0.001387520055203595
0.003639777250992182
0.04174694310660598
0.017723215861256136
0.0036490089698020256
0.015093263433790582
0.007677784052315673
0.001175092875527639
0.06098345745183309
0.021242396777260808
0.07311703651621926
0.11063108293782875
0.012768089430789331
0.016759320350296036
0.0038741245402889035
0.012143438179535337
0.053962857252486174
0.026433283085978587
0.24182478423382037
