duration
0.1209556962686155
0.006645992625675307
0.24931181225487092
0.07239038640471063
0.060504824926120304
0.04992475187021572
0.0005508495386706835
0.6670617606509783
0.028020224924894865
0.03230898919979497
0.0040617704724938974
0.1326470816431009
0.011879021650862631
0.21801462164756047
0.18737925330704108
0.025088180165691476
0.02112010969418554
0.09548211805663209
0.09232592874960543
0.1874263531707614
0.014795649479369288
0.010874332070431869
0.016427985266463274
0.014643090579477658
0.028299544298393542
0.021830101271409497
0.017213199395105683
0.050317804423944956
0.20979851491208112
0.04080631573388871
0.007522622073097729
0.0035387392933623474
0.1729469608099521
0.0999137762299922
0.038724979913209445
0.48393571985957706
0.026699970722244615
0.011390828719913593
0.01012357691313781
0.045993538930258815
0.037924801461080904
0.05589327802683286
0.0005327905932892563
0.14837509639740443
0.01459231762182256
0.005444424160628181
0.04692438505183283
0.10464678055447152
0.0643093755227131
0.03660280485841838
0.056771682874076745
0.024316881449687244
0.04873591226523821
0.4865689391346777
0.001175627161000392
0.009769604623079076
0.06747284875243942
0.010462427129478868
0.017593216065536765
0.0061727978398185
0.0747028115087609
0.006536565536855221
0.185712277094769
0.0027030781017209904
0.0034593405341496464
0.0054686036819386885
0.0031877074147494966
0.0016621005321297844
0.011405618700853992
0.0012389396492782367
0.11032896296573824
0.0007430693827306101
0.18538110660215956
0.024939778246890754
0.008801444852823082
0.032117159135991
0.017084991045438258
0.035107854816805784
0.05882552810219366
0.01050755126287406
0.0419180608176184
0.0533255643094499
0.03057952644718931
0.13084045789620724
0.03763014938716047
0.16125962364014867
0.028935893335779284
0.19823526020332594
0.0037365384950582836
0.45839175930489695
0.004606027317011652
0.04702974459660325
0.09036003862873798
0.002565082802314933
0.08782691934044173
0.030867541835020162
0.0431772860326447
0.036003856227782904
0.011906164580384626
0.05207592670075378
0.032146373104161796
0.0022296116724351833
0.023024984020432626
0.024495508070463856
0.0024514241602613396
0.032004619213102714
0.08351233860553897
0.04450488942274333
0.004484679975611527
0.03561783302050614
0.13357508533235318
0.0459594880393297
0.0942378426086492
0.00494091201610658
0.015461921741071194
0.008757386056579719
0.21666393574797738
0.1609608918697134
0.10728786110542288
0.06950744195007275
0.20023315412140263
0.03121628492371542
0.01270905426141411
0.08605773594505095
0.026518668459868167
0.009388080840217583
0.009436472903484372
0.05010487924137763
0.2413852390442237
0.13436033542602743
0.0098855541647076
0.029061999505749725
0.15152262054033017
0.06634289712029329
0.12646678831555747
0.0680489608119359
0.05854763903631266
0.0347139005724344
0.0029426824121934203
0.02298259080013665
0.03198002922929888
0.04893061246569275
0.00026942526739048844
0.0057543362984553426
0.1249172916713448
0.05509740453652512
0.01129420731098918
0.0053180831876247225
0.00833218286976134
0.03830324024546883
0.01972681474830651
0.045406246857989885
0.024902518446975108
2.7739962337847146e-05
0.003617516928009934
0.010877851764643509
0.018007205645929503
0.0019990586863087856
0.04592416174208935
0.0010366872409690586
0.00030224966230818495
0.017873211054059368
0.013376943249507889
0.027695976672003297
0.005480652300999367
0.019577912289413746
0.16173177339196343
0.07108700876850449
0.007281854943485655
0.05997480899005225
0.06365561094083105
0.19913681113555626
0.03980541931063186
0.04312971799172516
0.010285864663760691
0.032384708923419936
0.03418364815296826
0.1447663515191273
0.013237339478070709
0.06388201575949637
0.020729422399277553
0.07806869854521636
0.01582825906504226
0.04193131780152726
0.05016477374741868
0.0016253612674930196
0.5460453771786291
0.03504338508055227
0.001271879234110429
0.027522889778072823
0.1186469375024295
0.17886703816907357
0.009444044269606877
0.024479515986332245
0.014104353633410227
0.007216800542309443
0.0049917464835651515
0.3278355264089079
0.1165308349886125
0.00548360552006244
0.010662963700578842
0.045083204259743326
0.18836332357879826
0.05788249150613467
0.049646129807282335
0.011485812828428976
0.02835400990145942
0.015127701223555334
0.39206117884331704
0.21952920351193583
0.031035892838335855
0.05235641526935453
0.0007746222171114425
0.00019811512447631685
0.006337242099693441
0.1287847871162171
0.023839549683138728
0.05456583109410573
0.006894464584060955
0.009806583858434692
0.018336448277882056
0.41565329508269144
0.12990454699150433
0.019811234878847728
0.018217161380288616
0.06519831109256558
0.02239760368293986
0.46199691147602806
0.0013788302923600781
0.039403554557210896
0.011924960030135878
0.0791617514110392
0.0118973431282825
0.02025624589639108
0.014639034723067823
0.13770058266385377
0.048746953695292916
0.01611751815053708
0.017519040928483776
0.18688576725864436
0.1755978428786662
0.015713696336057126
0.02685035282024728
0.17070054470414675
0.06244165399436952
0.048681329998977674
0.014417962588268551
0.0418157940043713
0.020488311178752383
0.002480884203478695
0.11475016469545807
0.007946103823535111
0.06721511385386947
0.019996281816872852
0.0017245987776277616
0.05452356320250118
0.020622877043614096
0.05458507150085978
0.14417231639080796
0.026400875400284463
0.003937004653579379
0.01837546008562896
0.45836670518374945
0.07933971230722392
0.015185217865408163
0.12237608813013878
0.03579887376291424
0.05089242238585001
0.035584456747422166
0.03164516792312355
0.0004955503253754046
0.044330848127614786
0.006396601229674559
0.03423981508349527
0.01968286877754366
0.004256417767770415
0.0040484618081748636
0.014484824553697706
0.00034952145193756223
0.004866192938223435
0.04753515086910198
0.03824607004223424
0.08977875012525516
0.0008004051680075008
0.006572243281375734
0.010415071906621165
0.005202509245961551
0.014850585715699083
0.004669673074673142
0.0061836597609215005
0.09203843583859594
0.010208164447249146
0.06354148493502265
0.8456057123647653
0.04847463250076345
0.03521135338316839
0.036769517215809344
0.009038141541253708
0.03844358566743722
0.015701761530316105
0.0257427773485972
0.002260556516041845
0.020577928101502607
0.017875999904575224
0.02099646094557528
0.006054170441181839
0.06126814704228423
0.00907583852328031
0.0034685688579330076
0.09281485527281319
0.02655912846364572
0.04628338569521162
0.0047455091632429
0.015231809912037875
0.049597556642297036
0.21589713440170044
0.1783897245648518
0.01035403885111208
0.08682981820270186
0.031456169492706465
0.02840557269952626
0.0057435149709093025
0.022059440831803556
0.059385782295521494
0.0021523488766561627
0.007619262821243922
0.07416831398459323
0.038742496201813026
0.021230327835056073
0.004242952176014114
0.03361120956243724
0.2444314404179977
0.157507228609731
0.006891539852603046
0.008657352541924013
0.19266054354839923
0.0009472053996120167
0.041551390681810574
0.03280287203911314
0.0035642597923555286
0.07180594515018157
0.22250779990651637
0.017162706576229425
0.08207913294927494
0.013430580653356117
0.07208791044663343
0.021918377548011847
0.009771665113852634
0.009507913849901684
0.024761928637907715
0.0023518306467948946
0.009865606097463342
0.11044807785279431
0.07630650234245451
0.0505732183280827
0.03264586133111891
0.022259387616543336
0.05909572800791807
0.05714645102043647
0.005165868501194382
0.2098549756613579
0.09023058290660657
0.05252276339895445
0.012978432256360861
0.0022743957597697317
0.0010285113106860422
0.02709463592118766
0.035509709119928345
0.10884448823447457
0.004996948050319361
0.02591806166071109
0.008732479069337273
0.06554221147465711
0.0547925542622707
0.0011474086268421502
0.022302536282253982
0.01091848036137577
0.3066704003057197
0.7454810752606491
0.03377390173812955
0.015216639744600968
0.1238636562144464
0.007973349628301207
0.01146508233563992
0.0034418687619321986
0.07357647801533318
0.028253241460078016
0.1281875334261784
0.03143376233165185
0.07398336906829428
0.08461625430038566
0.1443141004209778
0.020527879979098884
0.021275961702997392
0.039514872836150516
0.044363885519196344
0.05546178071883645
0.025650329286129647
0.009249739544173963
0.18650377026435905
0.09002243252782449
0.051246782115661915
0.004069140548828898
0.007917439713878593
0.011358604162104768
0.00021144208226786532
0.04343328041598937
0.018687610114902498
0.11069257770819974
0.0158430965712526
0.0530489458587482
0.0006288889002590281
0.3338240337733751
0.14415141456746738
0.25602932829870895
0.004817964697537036
0.22962700371479627
0.0025965905263447553
0.004760620018032569
0.029180592555519524
0.02303998838692678
0.0070923952185921735
0.03178519767883614
0.09087826760658402
0.04081117680757984
0.07152389243190527
0.07744687935183947
0.1294882070023533
0.23278571484888744
0.051016442684307606
0.4604193141223192
0.017641403885285456
0.07093797879157648
0.0003525436808615723
0.18913486148518643
0.016375060227034055
0.028545297004392012
0.03589718238651329
0.005244838440198407
0.00718270279342903
0.019064288165154153
0.11016054267113162
0.0030102950260229022
0.008634555137014388
0.18735161595986938
0.016225820231490218
0.016847408877637804
0.2156748051454258
0.13363072433780587
0.21951937248066145
0.02695277738443025
0.002498364509861517
0.31862030620024484
0.14845797506439595
0.007802786043399124
0.08702833018945455
0.009888980271448133
0.021088382662874494
0.008518592132823244
0.19806424145748025
0.008302384955129583
0.03868049551564923
0.01855193463491389
0.4533584324909299
0.0056361396491126925
0.0028493299413838713
0.021219221337617
0.00014017608475569432
0.10969166052890955
0.0005710854539984211
0.033894532503381924
0.03486387318540096
0.4110361483870406
0.31342726620911776
0.3880880305096355
0.028049115959689175
0.05815997171166032
0.00043072216489292714
0.1136057879486998
0.006434317922114019
0.019886951565183608
0.04307318143628436
0.08562141390319766
0.031671914004633095
0.018986568211516897
0.008367438340599165
0.005017375249366296
0.0029972533500313148
0.0668512501823102
0.010478706673595184
0.005958648557495394
0.1525818685292677
0.10676618720758313
0.027754611125430984
0.04151854783185627
0.010063967184393618
0.04648613815270153
0.05691605739463057
0.025697955753386736
0.012449932347237791
0.035645574092455945
0.04853217688946643
0.11882776435717801
0.0016418729682072808
0.04931119262225536
0.11912027706708272
0.012343382121642321
0.40518558672384586
0.028337485035578425
0.10228188449069364
0.06961916448628358
0.07611994911509612
0.05161874230827834
0.002609427579500334
0.05101226082382482
0.17945214157735734
0.15054947212647107
0.340972331567329
0.04035320935184927
0.00879761348291197
0.01291883430836549
0.09935454720324799
0.0012611538406304135
0.07354612706593855
0.003616224082591657
0.03256897176312634
0.0031818480164389484
0.29153826811280226
0.13024493747465726
0.01792101951650693
0.0010498516583936635
0.01988923526430142
0.0036203892209272226
0.006570324421360851
0.07520593953410071
0.00908923427340369
0.006690246372258457
0.016800942368845995
0.0008567924523674719
0.04225849919778568
0.018882509866031683
0.0049589041124846744
0.04327868243304067
0.06451648910770302
0.07498533073372471
0.10181024755036105
0.059566741865481276
0.007543507616361467
0.1545359385751084
0.005206036599204822
0.03715234187383487
0.008739438025216373
0.07600473993281298
0.4465546206489961
0.005850719949862082
0.021708079924167123
0.00036190707119487797
0.011552934140794946
0.0060867189720994475
0.009717839704862286
0.09725843048279614
0.14657342731034362
0.06416173399706793
0.04594693838475905
0.04699140431124249
0.011682306680071974
0.2093190511178591
0.035513723447138545
0.004807045327737569
0.18606916904550985
0.18469116295510446
0.05397828476246502
0.14716900386399345
0.04159664794038065
0.170714398138756
0.059826926292174676
0.03344488169828708
0.01633869531266896
0.006852952808301893
0.12730843460742847
0.14702188587459375
0.011297304735947478
0.05083088150895776
0.017215092995201076
0.02192487481991634
0.37913448355814694
0.019337802133847504
0.011630329225681635
0.6885309710671947
0.07974333669471889
0.02396416706436355
0.05454843564814382
0.09658027672799108
0.0597013152089545
0.007833424065651684
0.01314797545579438
0.0441245520066218
0.05423360640791941
0.012544117089490214
0.1300597189572983
0.011766522347102182
0.1232382733574866
0.10904198038451796
0.007104346859492239
0.009115584417813238
0.2328363988583817
0.004744075640971346
0.0017748777567732077
0.009759810539520686
0.03682752486979268
0.01399964177855395
0.07245318009668722
0.003554225035230729
0.00692421614327543
0.00015867591093865485
0.0051609049424143905
0.03286396197225372
0.03143454653650224
0.09827935258543619
0.1485300282989499
0.17349911094405002
0.002687788617080855
0.030636650901087137
7.37869232665389e-05
0.5470153802676379
0.02830834662231041
0.04877695451379793
0.006502069510503361
0.029192763067356964
0.07481558201827454
0.04551472986219096
0.046303979361866254
0.0017346279632306505
0.0003674916695359798
0.019288340309699947
0.0011585322935019349
0.03587406314971986
0.027347729899574347
0.0049053032476820135
0.06689130611430016
0.030590946676937847
0.1399954250459814
0.016185234668014914
0.05501871306121586
0.027325400478915185
0.0025782946399885986
0.14329208308679142
0.006164683178454311
0.08553596520071949
0.012302395673813749
0.07146207693880058
0.06083815232189238
0.003446110308530592
0.016272209171461327
0.03289929138247771
0.21538936520366292
0.031745153281875105
0.2337013868322515
0.009771955163785151
0.054428000771807206
0.15531232873293277
2.5938839414152426e-05
0.0003335594796993746
0.17214652730230284
0.002820174828300992
0.298467857753991
0.017984045253129466
0.11365140920702288
0.16616982596410423
0.05876799887441564
0.304212274645721
0.04135748364356573
0.10412586119777245
0.04401049557812087
0.11965710003566699
0.04285198954661951
0.042888955211878965
0.01192273758620388
0.006623146789081602
0.013058666885584103
0.6474311929802354
0.05252433070647555
0.01294953035265678
0.0482273842860792
