duration
0.07097338789145219
0.007731165203830492
0.007653980034986185
0.021407805435592175
0.10891584365969709
0.010652735056965845
0.18623802657278832
0.08184817317662496
0.10547698515374071
0.013261721222914247
0.6317674242838169
0.04578314182691745
0.0697555682673281
0.11373804944794763
0.06437858307020061
0.11999327542499216
0.01336654526433012
0.046765587974785916
0.10218811140202266
0.019205825760962192
0.09256527428354744
0.02670079741908893
0.189777651314607
0.05817475177869902
0.004685388776108468
0.07338850457192336
0.07962251647189866
0.007860223285405255
0.040148233250398846
0.0884278931893192
0.03502247674718362
0.005209368952838744
0.0020326889979589424
0.6103381915643666
0.022046627229586946
0.08846075199240389
0.08044212918428784
0.028119102434855492
0.1630322344472379
0.0447933785518817
0.0372239189954815
0.1389828006546665
0.13093342631555416
0.021422039497053902
0.10051258343971092
0.018489569214734658
0.005607110658035097
0.020960533110127244
0.05347258227176255
0.013995243055099138
0.011286573885037399
0.1677823492912598
7.346584892431451e-05
0.08720138921230003
0.02969426953178811
0.08850098420498398
0.07841784115323591
0.011236175301988283
0.002663275902627049
0.05603422653669199
0.11950740438301821
0.005014072653938939
0.002410824106114262
0.0022658239391368795
0.0021623228302907194
0.041765322207862
0.5473574831876782
0.011189790829362778
0.023561943566562604
0.014379657172447935
0.10976779873402265
0.006374184802165672
0.5036604083376233
0.061844294200806615
0.17711797498078496
0.08940708927768526
0.007900938863759421
0.011337636601258083
0.01883287006911516
0.030460561358871985
0.05127764299062676
0.05551598368411703
0.021592334139601377
0.03359942036269459
0.009874025904643702
0.0037127549968900553
0.03862275392986092
0.5117110251521844
0.05000916889515139
0.011294476612590643
0.0007988387241688599
0.10290956808162122
0.1514145765199011
0.008909965441002754
0.06604850438100485
0.05778886950256279
0.2423237427157403
0.28417604616133474
0.10109609321838775
0.018178507131246135
0.13581562007260572
0.019905290106500217
0.08249405059509485
0.23205718600780045
0.00944725895022458
0.10327874686746696
0.005025484893380394
0.3837472752371909
0.038200327964673875
0.1003240428707457
0.0513928102511656
0.048588722808027285
0.004558154789748414
0.004250656400884623
0.00232453380700548
0.030792724663655235
0.016774357608262846
0.07077366181651001
0.1246641185047963
0.03842865121043104
0.012491560987385242
0.09159325194148948
0.07951581033465516
0.06324566774498663
0.04096533717668649
0.01935411214594751
0.0650822963669313
0.06967611518488326
0.049724983486811425
0.03197920077239047
0.010830652129342866
0.1406615305293215
0.24663905376639406
0.12553667268370816
0.028799325720228808
0.005976423112556972
0.10210004409387352
0.04606071337469331
0.005754313609926953
0.04643104517575125
0.0025137806056889644
0.010505762688346465
0.01761873612794318
0.006052130373809916
0.0036147831920700924
0.0045816966696321515
0.0432744225909687
0.1563718584727951
0.18273418593682322
0.009299995941972838
0.0016370332248243358
0.001649526269723367
0.045332110931312286
0.04044128223412713
0.18343866177391277
0.22422152638875303
0.014134391857531625
0.018476971348981408
0.06541685507954753
0.091320912576343
0.03221232504021998
0.07234527716897787
0.04085712864030455
0.043380952639601844
0.0066054613663624195
0.007678088767669067
0.08303569836611047
0.053480122699042454
0.017057480985045004
0.10384296227079659
0.06972642303954046
0.019656308144774925
0.004147880561689021
0.1378974652114806
0.01715496354417212
0.08985941600995773
0.09075475035501057
0.037371939223213246
0.033471672505449135
0.06848310726964968
0.17906263340629636
0.024220460485949502
0.015968797365474074
0.027632887284575247
0.40097646865574177
0.33849390971630555
0.0034320885643097654
0.1817737294256716
0.10464470704600615
0.006602581688589737
0.07795458998899107
0.0014845172453235023
0.0028157448908388005
0.01823656986825739
0.03372151692185099
0.05521781199889375
0.01925095696996948
0.00688776906055466
0.011205240415208095
0.16391614222725082
0.12405413860366821
0.04589208901704467
0.10321006132438981
0.05615736275690608
0.0057606070019602384
0.03745484332301885
0.015663550236382662
0.0040456038503009495
0.057531009820564805
0.02154167452648892
0.020720055563344886
0.004048366650181379
0.060301885695892565
0.013318269634211788
0.017711904983954696
0.12039824416088152
0.11879480652399366
0.17182304203060994
0.007667846469672668
0.11385856550811013
0.12288469733351803
0.3297312625651756
0.0192447430970617
0.040910990379401824
0.0963623748568665
0.0640194494828421
0.011414412284182163
0.0006258006745838429
0.0051521642879208684
0.011463785756603784
0.014768435447152228
0.041460134994366626
0.011225955177437186
0.005750430302654763
0.1487267370931562
0.09767132082320984
0.005841108920876081
0.003294403566584947
0.0069664013665402535
0.4256065598848551
0.04199059334656852
0.06293486837543583
0.0034191657156128485
0.0008108522124103956
0.2328507228783252
0.26465749287727647
0.04236903475820952
0.17333846662106112
0.03805772273008756
0.015146461057312877
0.13422812332790102
0.0306387181412191
0.009747699574248259
0.008906379623994098
0.027765324777931255
0.04138828364106928
0.06584851423093596
0.040446787207955026
0.046422067127181776
0.027709502602405678
0.068147209406348
0.4207605452387355
0.09868061854787413
0.0257460825058331
0.26062832921424217
0.06320944947584906
0.06404500015217707
0.43341777423032113
0.0665969300026461
0.0034766250631577122
0.020244756597733726
0.006117495413235474
0.0023059853917715145
0.010707835155812973
0.4841325919606163
0.016759122548322125
0.055224805618507844
0.06593759181073722
0.10697529995788102
0.020425577036291998
0.034556837987594236
0.0031385080953327815
0.16235940547242933
0.06408767896053291
0.05854970127111869
0.0028345166318644033
0.057340752876925194
0.01642984263669689
0.04853868036272502
0.11732330903352306
0.11447310064171745
0.08405604510697628
0.049945102593881074
0.015448673279436775
0.018248583225826565
0.1686901564926302
0.024029821093321857
0.09411193162624443
0.1681997437624858
0.033660980760856773
0.046380095414122025
0.14615032408741513
