duration
0.1967830911943256
0.0035820077871423772
0.008131177462333633
0.12581171314218315
0.011598598397101978
0.05019187089171234
0.007130590155008054
0.015382820511237072
0.1377339263239491
0.004128519441163769
0.060653717691074194
0.008513233305949885
0.006472949370706971
0.028146231373449737
0.0034246617987507832
0.0036441543201803928
0.08278902069725991
0.16675138621129704
0.14900365166159446
0.002910843370637517
0.1821954307561353
0.0014119011268829418
0.008377337981636757
0.0034845697194691994
0.0033981527103970066
0.011517752321903885
0.023539999251207533
0.03344301626947077
0.004842979026606464
0.0020536116626783674
0.01843508120936299
0.07462922463243116
0.03947149385106474
0.004587306775492905
0.06078430171550586
0.01563411391740477
0.0015400645998298046
0.018469084520589263
0.03743998636845314
0.034104815054605275
0.008629517987051472
0.09561172688493746
0.017746283918448125
0.04516114402210114
0.06444247490464505
0.02230621563790569
0.021758168238888764
0.029623192332811854
0.0109254224864892
0.007953804648918261
0.012409333353954555
0.016493544979085062
0.010148316213053121
0.0725617852203988
0.12913835921619832
0.017696896814778373
0.017115902259257965
0.0803726326264882
0.026074367344142146
0.006771274772552793
0.03488834348796388
0.19816889694040718
0.024435393257692617
0.045141997365087505
0.055716662084997814
0.0022670802429960446
0.004807893959239529
0.009801721929222573
0.002354377857659351
0.0029376416992432652
0.0457449650271311
0.017935296806261825
0.00772731909523916
0.03207861149279534
0.008897894086000058
0.031709762286452836
0.007552487440939615
0.046492804030679125
0.008358995257934154
0.019987080306058225
0.04325786277145571
0.041960633057080976
0.1972813170349399
0.008794897141262581
0.10322265261329733
0.002915398246626566
0.0013155884675768448
0.034478302387569215
0.005561749332412269
0.017440668296826445
0.02340453084119609
0.0033170283695778124
0.010580762327680127
0.009719412414647799
0.01617589827930832
0.034659147670033974
0.0007123417952916711
0.0031704718000300502
0.042682150678969855
0.03635139304362767
0.05892211029707539
0.0535283449180719
0.021183441652510737
0.13006810510327416
0.0028084551960212423
0.005274014578134256
0.008645165155062529
0.0005748537817922283
0.02438892681612348
0.0018156199674370654
0.2266183748348869
0.12492516538362697
0.7375637779899042
0.09897173374434409
0.19276852997977656
0.0021262899690128734
0.003745161260397367
0.021396785686590647
0.00047806231989966363
0.0007629374039535008
0.002533791201550173
0.4010623885827993
0.3789375495512637
0.006140281493236088
0.019830995429730436
1.1144317993167654
0.004610432422619937
0.43484328680114004
0.3307047434481696
0.020785042171732826
0.05825099905776199
0.03974128373776331
0.03208161813832611
0.11751391797787569
0.6203910676619948
0.0034825057425713624
0.0010454366997034725
0.0019651903324859887
0.054492983393627625
0.015156005849489063
0.005049100210790414
0.004673071817393293
0.12753827063672674
0.013815594012735133
0.017347172725811433
0.022598097697628106
0.017132884624055933
0.00045088947295646165
0.004226737904998501
0.038158429830190244
0.08513697870139403
0.17145627767472504
0.0008475239239906784
0.47376387965092803
0.034698672433437494
0.009709048919102514
0.03652308764810819
0.00646182576915777
0.0036782248031403952
0.007181277876634695
0.0015360701176518887
0.04845523646588923
0.0008019980191846798
0.02366635485973312
0.0024284211114888876
0.0008037356207566404
0.00786606780825494
0.09291307743268717
0.05252255308663756
0.012252007558403832
0.005716219186696847
0.0020958443487444356
0.0012006837694222838
0.01068277640953852
0.0034501649740441565
0.008734211570537553
0.2519238956076286
0.103221090009324
0.012257290108962593
0.007083848460982978
0.4079377222436449
0.0574549019949977
0.012310378007065026
0.10307138778992808
0.015129420871950572
0.013091569062233077
0.01469591505330925
0.003997999250273665
0.06234282478388309
0.013044587343955527
0.11192939523304801
0.041286527744734514
0.041083519472184804
0.18464695654616037
0.024575679333590728
0.004260584336734041
0.006186790365784844
0.2850453243287987
0.033364304727818705
0.5919175535882388
0.006206529490345503
0.0016315296462963147
0.019533225813447075
0.011871964457032647
