duration
0.015052733439880575
0.03803601077134166
0.2938487401776245
0.14013196397105443
0.01768530482969466
0.042410873598645926
0.039979303791564114
0.06646463463218044
0.006760694557261804
0.1393325471595943
0.003524496270676858
0.04681453702609284
0.05511149684795291
0.021523767985043296
0.008791999457593791
0.0075144608056236795
0.2728481380674037
0.01812897519247425
0.0006927902400923891
0.31101432943349216
0.011400321701483307
0.027452017948625063
0.0068767347120375355
0.004049632675320769
0.12004299701211307
0.22845802336288834
0.043606258430285205
0.08088934620877719
0.04606127917723635
0.007730604392259366
0.005019514805792991
0.13090295836746835
0.00551974092259222
0.13618583175381538
0.0023724899439430125
0.34455224262273765
0.4168903095711398
0.025112825817520168
0.13803103396691796
0.1419964150704649
0.00038791787883951656
0.10539499859161339
0.011645224244642982
0.05035511751056987
0.12341849942050853
0.012430893747891858
0.020170099517677897
0.010104945264041376
0.04538517689501287
0.01625636633570693
0.017819220245190337
0.011044512062656331
0.02000970250658174
0.0015223023306445427
0.0189645736586872
0.05290058350824278
0.03779115482339179
0.005594711503009719
0.03656174206363261
0.1399283668174487
0.00900083457611256
0.0212673222451496
0.02860430743845388
0.012396893528986652
0.0239852889816774
0.008478896674605885
0.007365789969576042
0.05731392366173349
0.014401308410524116
0.001455201402380979
0.023357606520911567
0.0013135070219023603
0.019271602670354326
0.12466148130969756
0.00025346109721979815
0.09617865170482709
0.07125365037781783
0.0031260014497487276
0.12959130843539945
0.00026321734655532225
0.004191889910352131
0.007646368870981135
0.004334169910126917
0.007427687782879389
0.003896801717958809
0.03024410492106
0.009443062058343443
0.002285363438668142
0.021799051573895056
0.005901392188901511
0.0024776716714747238
0.030411726640526382
0.04389271876737588
0.04422886714683116
0.010222198334526311
0.009245592647156187
0.011391110053690312
0.007550077979614045
0.06882059775975691
0.0066191066955063604
0.04088092381633324
9.273793972752742e-06
0.006148918652728597
0.06607053970287602
0.028034281115370874
0.01644753551378919
0.15441844410878325
0.007795771926877748
0.0011411097286551097
0.0896485642188054
0.01590778243475377
0.05245727421141666
0.045500432035922245
0.004998913969320284
0.0016284707003304533
0.03542327107745358
0.01816038018521482
0.04154857039455173
0.00764737901078405
0.007985221366325845
0.020394913602896025
0.020976326709927662
0.05708615642653925
0.03975461435103789
0.029226412312706174
0.0015366756073493804
0.017323502988789485
0.012617609767161753
0.008389392571592325
0.02941557504359338
0.000797709193900431
0.011815519796433804
0.007491408543126354
0.11187263002055303
0.035590859468056735
0.022449954818361206
0.008374888273964487
0.06292807829404623
0.067464197325382
0.2357412212455383
0.033430032459676795
0.0368897811514568
0.0002694341440694359
0.018568029777817685
0.0004658169913138721
0.002481300520335239
0.0007009628058245454
0.00026871438450015717
0.007731478204574316
0.03864685244228916
0.034566634497526394
0.014675486232610169
0.009316289935050293
0.01174591118952506
0.03696898642764346
0.03544482973810226
0.01694264210245322
0.09113928326287102
0.0015011218676139748
0.00015489863942441673
0.01495421949647735
0.00418689125907612
0.043353260960421025
0.2797573843979908
0.08019526818561573
0.07829884129013465
0.04168678592020214
0.09741796029003602
0.017828956447692335
0.009109695640971083
0.0023476580245969103
0.020273239419578815
0.008439664218450105
0.013378968406874137
0.015103308498018109
0.014657135405800048
0.011778901329698499
0.15216286056968897
0.004698994680270019
0.03351410938305932
0.020592374067536667
0.013914859959751169
0.04593245910573884
0.030734865507803022
0.0005588013357886723
0.0009683643272282438
0.0032918845147626996
0.020797302777793902
0.009087728875872614
0.03531610328185408
0.05169882166736528
0.006686161852382355
0.0008364750999945159
0.03855395689614127
0.009851303658997779
0.01847754766063403
0.2999334832393288
0.0008484125100167716
0.05007161311420205
0.025533712513695406
0.025675492013505163
4.232298197592854e-05
0.01896234614629222
0.004693786062887284
0.001524552525150824
0.01291453848762103
0.08116153824241223
0.008449318007833995
0.012173916811200058
0.008473040750995864
0.0010621016267648997
0.0036315639423030177
0.012540355005846493
0.008840991846188473
0.0012462010299749693
0.006934080575099699
0.021352597232283443
0.00882712735481661
0.5110082643257208
0.03354638855770631
0.06887772293881866
0.007362500768703484
0.006352565423693335
0.009984456804545516
0.03404123047869234
0.02612377199256244
0.10885139281577239
0.03962027059821338
0.0003084009826181955
0.006075335383936675
0.007580317243412793
0.0061553414701407405
0.14431340385909053
0.031572374450000495
0.0475727662928378
0.07302920570209892
0.00928956268114689
0.18768913230339734
0.004037684187771617
0.004638208208785244
0.05067141069084258
0.002712948224829148
0.002515977843462025
0.0012044329493505757
0.6820138591837157
0.037456620168192956
0.0056415897806054716
0.0001773239792619563
0.002858236677788284
0.0022538198762234174
0.007895085675610147
0.0029063440659058415
0.047975468237126506
0.03396431209481321
0.03822371699309102
0.11347449808742738
0.1778042978744523
0.1690655025747958
0.00020097416922837397
0.060530847488660555
0.0024488685869776816
0.02065751988765996
0.04247598514048789
0.024407113797639823
0.046645001225900984
0.0998976794940738
0.007714776892431274
0.00731083384947695
0.006009791683528221
0.0025758445481081083
0.029463570985310383
0.022034017824644536
0.0019706398345640253
0.08176384298131012
0.007525530639668432
0.014345263816050391
0.009321501618778427
0.056919652922626796
0.015835298619641947
0.004061942281929021
0.055006355608309576
0.012808520710688498
0.022807974463535885
0.00261670050129581
0.0012023063560384628
0.002231946890919545
0.003017857447247252
0.00714199034370111
0.024187127739313752
0.0756162781372538
0.002865179522927974
0.00767208887001658
0.04488664662557795
0.08305161456236831
0.07115195954351705
0.08264454207592564
0.0050767194078282785
0.044315864902291224
0.0796295490772323
0.001253003327157387
0.0080209603602448
0.0036427776190279815
0.00908901860927358
0.011365799894232254
0.01567693489161215
0.07907320272433438
0.25452778120934383
0.006099138502690948
0.01941004918055711
0.0722335377238501
0.028446748537962918
0.00464632535103604
0.04668415411336824
0.14651347834236716
0.0018605324884859442
0.058724356087282104
0.0037830786548198603
0.007632723332807956
0.21039177491501349
0.0067270606867815275
0.054940439063944524
0.04617458223206938
0.03697775277313298
0.08946108190414037
0.0404187019578508
0.02230332960689907
0.09481256829455376
0.0016040204118148438
0.06848601278005617
0.009213816421382859
0.24746644717406596
0.20691795565815596
0.004463150492576062
0.02935687994055769
0.004578875758117107
0.02777436233801467
0.0416580528757855
0.004695164108991179
0.1711530892232993
0.00340568592671886
0.06250121688210086
0.0271072029727506
0.03427946445755836
0.08151116236083311
0.017568737352718244
0.017981462524947034
0.004132716554593685
0.05212001805563915
0.08251848449186383
0.02143131219462191
0.007331394947186709
0.26929950989099893
0.0020977370826074093
0.0023842789957839727
0.04060170529584184
0.0099663785596249
0.004936327214501546
0.03851227719422212
0.012496507148696878
0.0462261042525256
0.004291903055914759
0.019068048721052833
0.0019400443500288134
0.0038257793260143558
0.00837274898571394
0.03623224231728983
0.011064455645119153
0.0044649578908249055
0.14460245893083368
0.2062578529264485
0.014698201470672245
0.010370378418713244
0.1915848127911559
0.04330477198299576
0.07690987204878041
0.0088551345621255
0.037923570129841266
0.0965127699982844
0.23207395798937114
0.11444958990959009
0.24214456698906872
0.002265196597704744
0.19412455885364466
0.016496254783717745
0.0030627738953086237
0.01711982551304203
0.0016314353573108065
0.009402594084420457
0.00287111858598621
0.04159854259388851
0.010880994050154413
0.010450577497685742
0.26424100026886777
0.205763961333858
0.001891727276309041
0.0021289605074059637
0.10712850552123143
0.07319543647015081
0.007334496974998217
0.01080193499955584
0.005570330146618119
0.040202733893607956
0.006039828644865963
0.07884207100835283
0.027613184291531923
0.02165319808461419
0.005116877883168058
0.05259394519892879
0.0024038668803427754
0.23742020520455043
0.018042635576932753
0.010081041579439898
0.011242149965383419
0.026440829307659897
0.0302254733569427
0.0008958803382057567
0.007319301856398397
0.09818203637409795
0.009921615516908844
0.004941134706001549
0.4023600770064064
0.007418463867857383
0.032760757540771124
0.01122210928267009
0.0047140133548495555
0.007590196413602257
0.02228408413662919
0.005273513257087359
0.2836695171193213
0.006026913432158665
0.002260428055507191
0.14492221676051997
0.017198045264670725
0.005058629211781351
0.013881418545700797
0.010822406719597666
0.048840662837356774
0.00505893816033165
0.009991951903209895
0.003153382024571272
0.01008788594741361
0.0006478527113173982
0.01397119237694966
0.003108430647138505
0.0038448707201084176
0.005486292161023698
0.000896059958606088
0.012779147585433748
0.13974166610157113
0.005716693077957302
0.027677587633107237
0.04356018895597202
0.08936326279150109
0.049332848585656564
0.5135870125422386
0.05152496527031758
0.0008242380885477019
0.007123280494425899
0.05627074489549955
0.000366884574816595
0.005047829922091296
0.010425086564794128
0.025561002974697544
0.017983165211489904
0.14413218876312328
0.36454530153380205
0.10967105457462623
0.0024393222896392786
0.21847540368107587
0.0006530668992681399
0.06814996092972336
0.005548560721990725
0.7979659961052903
0.005535062217234099
0.010985728861179211
0.07885905120690495
0.0016372864720182179
0.07265274378083575
0.053116619313613
0.0009360460218061917
0.0029607742976907048
0.0016361152056489914
0.033297843271220984
0.0008009647073592419
0.007186765585274202
0.0012570279575641052
0.028930795346511218
0.007345072833693678
0.015688473018890647
0.0646843348713162
0.020494687326198857
0.02905169035123123
0.012738667519307967
0.018366252029551333
0.24408971252712064
0.012380185539107913
0.0015174811370073371
0.01099763472753068
0.0029282123962133255
0.01223348673197222
0.00411577590778478
0.013557763412435975
0.03752925796484874
0.022196200976665637
0.02034939977421857
0.006639774280309041
0.03391414171659335
0.010247768722074113
0.017170808686231
0.02572024591599842
0.1354531614940413
0.04683127870988102
0.0004287010770269717
0.005701003019296991
0.008522153629655804
0.08963233729526365
0.06001764249392494
0.034985684745294066
0.3195970596666271
0.013911759480365049
0.0001429451210341881
0.01730135085172435
0.011970609218835193
0.010309675656777983
0.007449080910951977
0.033136832182137255
0.024263915027582073
0.011132799958360806
0.019578538125216483
0.010303868378493064
0.005032864537071191
0.043265596885568414
0.014504174497204758
0.007504942573248741
0.004578344974369486
0.021815172276049566
0.003614433095371794
0.03736469897261685
0.016292975241341878
0.0018096151833120189
0.010968145012917319
0.03130143434617594
0.014605801807668684
0.016068907065985627
0.001714498645810636
0.13732204003458293
0.1490141646727139
0.06544230402461437
0.06131465998794994
0.00884389015772058
0.11299227568687797
0.19717618303319284
0.010899661375731284
0.008986292505433369
0.0015618773565435617
0.06875856464203878
0.012341074325462387
0.01026707274814953
0.010299086029974092
0.1126412820799132
0.024426879214537678
0.011199083212680705
0.19239793626461932
0.03576739317390576
0.027592890020756045
0.0498543796198021
0.01711454367742249
0.005086329258340072
0.0165323130922701
0.00034703480623932137
0.00021874570231261714
0.00795468830551016
0.0010092520570097463
0.08261885360296617
0.03970998729141684
0.019731092762292235
0.03315256182567339
0.00330374922487664
0.0075962709824040076
0.01610290712007867
0.030966109799457797
0.006293052778325148
0.005754619825516727
0.1156093359578847
0.021603010654438037
0.0017881867245890248
0.06403691177564497
0.00025852570925621876
0.2035517417086865
0.06367747501767695
0.0017676592984940953
0.006056872678882996
0.008748381061472799
0.09340588379059511
0.027058903674976875
0.004487489026239189
0.0040402028393558
0.017637582829841847
0.03785901439989914
0.0674947755798243
0.024996086049924315
0.041304428113008385
0.0012897178711099855
0.01055505236840304
0.16037624349431212
0.0020128797978458124
0.0007522781854873983
0.07066271605045671
0.021359204637668938
0.005428193218946831
0.025854423774063662
0.20533520867856936
0.020958321702430283
0.006246309870029165
0.2302676652246589
0.04891723799321568
0.015835593248212376
0.0007802532042617827
0.03172733945660866
0.029157561731302906
0.007731416099765909
0.013175276348086129
0.00974338581054468
0.002750105999481889
0.02729122056647526
0.09010886025416909
0.011233947089138496
0.0051658824242224455
0.008720357872668671
0.059157901827923354
0.01598970088895868
0.004873100842317513
0.007684063473000435
0.00012297849399089955
0.02074870054032374
0.010321316734383856
0.022375611473670176
0.017642080122378445
0.0004999908100771222
0.03138203176952459
0.0024964701738952044
0.03893183725538307
0.014153400993073717
0.004276895787569401
0.0037664711585279065
0.010307470363969173
0.04603940804064166
0.0009439619140252375
0.04122058182735344
0.008850073379974788
0.0020917171074970042
0.05054308245479433
0.0026752640922893534
0.0068503802969033245
0.4036330452204666
0.08045643257007384
0.014267522353016204
0.14602082194438992
0.0006878050670735547
0.01246969112847296
0.003567735845017239
0.13377492436716665
0.06395190009006768
0.04124902590297097
0.0017706795135836728
0.059205343380718034
0.0005138634067378689
0.04172588659477583
0.014407111961475039
0.007402923771557823
0.007210400126119509
0.04949201626716615
0.0016736223224356195
0.004407110887989063
0.20781512313939743
0.24775536264787945
0.00585530755445518
0.07047344538126765
0.007279080432425644
0.004624041223252107
0.00023275541201428496
0.017894778567125513
0.022556270171591564
0.0416155231955031
0.00040635138779521185
0.01141749864150654
0.008070093897927677
0.030707986082049388
0.011246851142999503
0.014299311505652668
0.008330506974658647
0.004770783683582636
0.0018577648620805576
0.012034142697970651
0.007967221225399612
0.0058574854209041405
0.006680470114005743
0.006567040546784142
0.023428494076583206
0.026454560635059465
0.013198638529402729
0.005826867908183431
0.009767256551924675
6.6181990518998646e-06
0.01047682377144099
0.11285460032125627
0.009192957657376155
0.02148254465664934
0.00517954548629973
0.025767386213232157
0.033239768231013045
0.026207918879563863
0.10949183532336804
0.006485020615400572
0.03182964142817468
0.005898036013434194
0.014757306093329703
0.0072901460336822765
0.005859673831267287
0.4051710187824682
0.01637393546486976
0.0052472607353877265
0.0011596775415512184
0.25949042548097623
0.027986931996267117
0.0126165708738597
0.015536167000789192
0.009084547052040648
0.010411937242039926
0.03188811036267225
0.04159486724536521
0.022333168105888035
0.029725500501399438
0.15109232526548055
0.002185628914091353
0.059116443131031815
0.02192199412171192
0.19764511738375745
0.07267596424958356
0.04257138919587078
0.03222781325331425
0.006095512062884723
0.08844763945973
0.021775343749396825
0.008203804768427858
0.021819427523524837
0.05529686313521154
0.012625580821179483
0.18670617968240322
0.1690664149464567
0.02648587298476457
0.014846933356352565
0.007731639713895788
0.10940150564360351
0.16394885064870834
0.0010075373998574833
0.027301304971928175
0.01898892920809203
0.012996535609133275
0.2110233169500475
0.038151604023966
0.041115736561053495
0.09502634369488305
0.05511166458352079
0.019588073758868063
0.0157963818679292
0.03206155933499133
0.18046401928387468
0.046882696394419554
0.04360489740021478
0.012544192260108389
0.0006638049097063004
0.022828038975902132
0.04495971123797915
0.11288315616904754
0.023907847786006187
0.05214043115746847
0.014398121486266291
0.06240029924481405
0.002879662211356049
0.14890580368985695
0.10265775365488139
0.005670968034579005
0.004564532510428876
0.03893722752995643
0.0047235780181722475
0.008815739172433723
0.006180263693863708
0.004149194752898211
0.029382996530699756
0.14462237004018164
0.13985861548324863
0.0017005855825118488
0.03456648237241211
0.042017082409202544
0.208162120161262
0.34588867898213493
0.004620676578113603
0.019128817896131523
0.007897344143984242
0.03811496679867332
0.038306545888630694
0.016589812033345197
0.021058019048851406
0.10068475415515366
0.030450609559153463
0.00019461710567725277
0.01575483343367523
0.025417327828009206
0.0012775207821391632
0.039980065606030735
0.0041782432272299275
0.0042139534384375565
0.016830567890266934
0.008496571832893096
0.003561452403033627
0.15515528588218785
0.03067921618287528
0.1809134326031625
0.023142885626981524
0.004497650448470836
0.010404285892988696
0.024886683144330846
0.007604739965046292
0.03837943705016755
0.01976480485782872
0.01787270831492549
0.008935377070542927
0.006346237687452572
0.01930553463266449
0.0006145357572648891
0.12498435667558283
0.002951495492808931
0.06468198187653229
0.006352442457910001
0.005502772981103021
0.0020730614472341813
0.016418287029850376
0.004653234879256729
0.010371101029903684
0.0398577892390648
0.052084506002771036
0.06747836803261009
0.08890290956814795
0.008524153090760933
0.08115689045281727
0.00973481780410168
0.06181962174585465
0.0043081236528337286
0.024476932244169802
0.01774974669443452
0.05521208333117045
0.1728561347940314
0.03844948456541886
0.10495399147954743
0.004971923052522698
0.002440523139497941
0.03454333228580708
0.18120547609963467
0.061488136407902516
0.1250801940081061
0.017463251844517913
0.004410266016677156
0.23102929062028466
0.0027902086894471267
0.003998237361770407
0.0020079897355032017
0.09547368212052731
0.0008890794816096559
0.02869060898406417
0.01895608398524473
0.004723341744835352
0.04502895830225384
0.04223335509666981
0.04483986693820441
0.007749598611013653
0.18743352279842895
0.01091776050940041
0.007397414989469553
0.014766207107015816
0.0031651582644656173
0.0013747345473831274
0.11707084530139866
0.017370395582162246
0.005381473984343188
0.09626944046627273
0.0024719933091148505
0.0035730356357390747
0.03029429371031256
0.0008094767587465412
0.013324545788222508
0.24108062718545398
0.039079420623380656
0.012375561844606864
0.051036931560560106
0.0430330848934517
0.01652804848309586
0.0018027432683425104
0.022109367123576362
0.07914155791712574
0.09726200075465385
0.025892850612308393
0.005019393067712485
0.011295933786840351
0.0012693417279621144
0.07373359912047306
0.055461677333724424
0.3044456683947203
0.08520744148452764
0.10449714104200325
0.06569718307113703
0.014691805693601623
0.046567900856345545
0.0024811654336787115
0.008114211914474367
0.011205628487672925
0.0020141776918904952
0.1250438201331434
0.08889416741040179
0.008638855016016578
0.047910490959637286
0.007206739873254264
0.2713340632723771
0.06636625522828865
0.014560632417882857
0.038331080358773306
0.0032165185750869796
0.058919374499851074
0.00010401145861749228
0.026417111788816783
0.008298194244673596
0.004830953205711808
0.006697127662590674
0.0009220849337054915
0.016396374003477376
0.040827893763079715
0.0034857275447848224
0.012906068524031866
0.07275231146307704
0.025149727193522153
0.0021786916901049835
0.009595345721152171
0.006290913879851701
0.002027629011877252
0.3102801488086442
0.008737162267465237
0.1897461222980752
0.005504041721110298
0.06592174845668808
0.0019408913698981678
0.00429952876255868
0.011305936761459634
0.07910992992884758
0.004730078828515616
0.12485911236117886
0.06382579026144697
0.007059213454922997
0.08990006373880988
0.04461776597926814
0.007544127701990533
0.05595102826825382
0.011614414887546332
0.010082881761789508
0.10508750621757201
0.002211151280988588
0.029033065601126395
0.10492101580591395
0.01736899739232456
0.05376743808795936
0.1568404774342298
0.01570904621161162
0.055972899514813435
0.013886746246527082
0.023692656116068633
0.00834065010535312
0.04913538863111455
0.013877186588715062
0.01038024538793536
0.02402403279712928
0.09982317184439182
0.00477566416434172
0.010543228892117895
0.0026789851414577015
0.0060951512081146575
0.032514869682771064
0.006907444720027911
0.010493347448601753
0.03801753560166787
0.01829461227796969
0.00749762783755159
0.0058027508451488075
0.027279097159080834
0.049739192041727165
0.019267366973323874
0.02495491362738278
0.012330295253619283
0.0127451658740938
0.00478589735864432
0.002958707772435787
0.05818395578290847
0.009877687828591775
0.013236234687468595
0.0035030322823814686
0.04251551515697827
0.026611083807793534
0.0036850594180179996
0.009021728060730538
0.07958138333187037
0.0018720978044370895
0.008325409497729197
0.007811041296122312
0.009262324691874824
0.0005121084709998058
0.018900443842113646
0.026372983172961995
0.04281834302449283
0.000993450651293415
0.004905377204224237
0.017547667682279666
0.04072155229609109
0.0137544352310357
0.2794992761732402
0.00977285320681176
0.1344684001776244
0.0050624614519847455
0.25022759161993235
0.030522127699953217
0.09447196141526604
0.17213669569447632
0.006753037302999587
0.012673481988514368
0.23132907632285082
0.0007397850984460774
0.0013509746454190008
0.023340237899077465
0.02289043044154937
0.043982610519876175
0.09308664126481858
0.07638355115985007
0.009209854485760616
0.005472798964078152
0.012271600007821348
0.07815628738195812
0.019304962719246532
0.05614802557734322
0.015517974347901031
0.019973853067597247
0.047173611718761777
0.020756070059675835
0.004981230323735986
0.04976931362794801
0.0009203651389242395
0.05617904478287983
0.027186323194783313
0.017022291931965583
0.017159117987404215
0.0916297744680179
0.04324382607927646
0.022607831933783018
0.0007115927874679073
0.10844962701561656
0.021817271703156393
0.007878610352861415
0.003123811622870676
0.007281131275902908
0.013612482345678245
0.009501901703416138
0.2097348166470283
0.12482336199674648
0.11232666596553997
0.0013050199173676447
0.061952650135637555
0.10459489420267687
0.016160102287756217
0.011023363380701312
0.009422905301548212
0.002046748806293408
0.08879567405588773
0.5302227198101122
0.0015843670277888577
0.003927184296372843
0.02503569314747267
0.005645403578981245
0.0407331445854453
0.004104626578410375
0.05031862535857101
0.004020501724113501
0.04020382498190145
0.14860131105179164
0.0186763459294923
0.025003311588321253
0.0373120341481723
0.031158437142877915
0.1042908523635191
0.02524030420435963
0.07309506895916229
0.011858110037437086
0.0035221751978866678
0.07984283699209982
0.004810830221444462
0.008986687651656666
0.5575206174136724
0.008218205016063962
0.2580771648117661
0.01602539768620659
0.012312759476117208
0.016382281444066393
0.027632190806329504
0.00195992409152268
0.058130036946892005
0.0004539769015678985
0.4023839103472113
0.010469760337670664
0.004114493541678144
0.05307380660147487
0.017927833549052252
0.19449035265445502
0.06241451661178132
0.009342469893709904
0.2820413308529197
0.19032210311941355
0.0016700388170960423
0.0738666930338212
0.022519138341422718
0.07020767844159082
0.27865127676231793
0.013912994873635398
0.025123178552718173
0.002142472904509418
0.04095797152578484
0.047388010962080784
0.12741424334281248
0.00714907141487231
0.009257591359244088
0.006383692348734371
0.034714445051022835
0.055165427192179095
0.013957029879009042
0.1312995294510415
0.11855075463911646
0.09098427435920087
0.07163005752497043
0.018645548159312852
0.1251949636745877
0.04494690057313733
0.0023917710921352864
0.07850728795087036
0.11136417729667869
0.15862991510468305
0.029651155652416605
0.033010726023789516
0.011288227888044844
0.03064433540976097
0.001884027827685486
0.011849593135110581
0.049952814689746106
0.009454767498340289
0.20376521044420315
0.009746868415646759
0.1151219075297405
0.0034300057887861612
0.0081630556330623
0.025760912711362494
0.018567205872912496
0.005965292122525057
0.013455654232672032
0.0016144396434327746
0.007996121364229225
0.023214211767964343
0.0020019564421147606
0.057033739424937835
0.04453635593428373
0.004316097965627819
0.045810873331546986
0.010006541395853219
0.003062524449703119
0.003277755950819028
0.007668815270861273
0.040943747460786994
0.0024596181733897993
0.05245644376707048
0.020207280618208756
0.0018636532653175664
0.00412424247876686
0.05119202487099983
0.03858149497027341
0.005641163855173659
0.016546496972935643
0.2624436098887344
0.026624453585370134
0.004565433907629313
0.0017852184751632194
0.03455626642819709
0.004581529263518291
0.07887618754239156
0.0034856198457475784
0.07282705612875873
0.20481928974736263
0.023145254432733964
0.008338688704967012
0.027374325472365513
0.0160287815913307
0.03025539621170026
0.00040215932546061595
0.006219943787513671
0.07626782928322484
4.928742640686323e-07
0.003021039104410761
0.007600381931808897
0.004214915250685181
0.03396613999225906
0.020551885379830992
0.2506511217495415
0.027408640303605125
0.015838477036879794
0.004848446719947219
0.01927834558800612
0.014903981883321649
0.019048951122925928
0.1821405347729268
0.03455719957456438
0.06673981670596163
0.008807617321778594
0.004653189994371587
0.016715978743420123
0.015527149603613566
0.04957940229589042
0.009183905542471393
0.030104647150153596
0.0249508865712329
0.005802575028923229
0.004077698205350089
0.009313720319880758
0.016001606623234466
0.002748063069915929
0.007106242847342514
0.014373085612263026
7.230312067463274e-05
0.03864427997467601
0.08661912506948966
0.020963607329008482
0.2820031340305036
0.0670845147401451
0.001713161826288001
0.0012965549950081368
0.02947198845131993
0.021295958609215404
0.05274965516832708
0.0763068034627139
0.012201603141193118
0.10683758883371297
0.03234566798532512
0.007233568019771042
0.00849372642002777
0.011230634472227052
0.049320998007843286
0.01890702254634391
0.0216333297860416
0.0437077958143135
0.054134085992586733
0.007762685243179135
0.014506459617507517
0.20645199371287504
0.01153609319189286
0.03571894292083755
0.018346928696587383
0.003091742959540511
0.005993467313516021
0.008197421745919087
0.10234235852131235
0.0020350957734507347
0.04380756417765497
0.11448642199418657
0.03310012482039326
0.06115368727564885
0.022177867196006673
0.01074373778290294
0.13155836131406318
0.007495498978940418
0.002419543375168587
0.01889169044207506
0.1545557922653984
0.05550636644775864
0.004260856750534003
0.027940032763893896
0.011914559586102769
0.000662903360364453
0.022904926672524084
0.01113854185896912
0.0031995538963798253
0.0952323979316958
0.0005403233651293249
0.01270876372758778
0.024745094394774014
0.008249926069908042
0.016089950419328147
0.003143631111470313
0.002997498009847277
0.018990883716753615
0.07417761215657492
0.0019026021965942164
0.010188428445061959
0.17448785143136547
0.06438375542211361
0.0008057073376903645
0.003204903527276315
0.00923910454027066
0.011790427000192949
0.0038905388017127507
0.03912167832226032
0.34749778490618155
0.008686074072485894
0.01887516428594438
0.0032813555176858245
0.0016980257006338206
0.09419259487525267
0.004854418207457911
0.22912717398354232
0.00713808215502354
0.045311497568945924
0.01601534967184648
0.01600019627204574
0.1439824197329358
0.055752885250285544
0.14697404121885427
0.07815679535468689
0.06911105491536773
0.11310367710277092
0.08389395690005585
0.0018113888778401588
0.07213140125853101
0.01657498433033311
0.042611112635313475
0.023118185513624212
0.0012676319515776413
0.04831139439842502
0.00014697293113385967
0.10455960230707717
0.008112685204451964
0.003972539378921169
0.03065877333560252
0.30669392249242833
0.015177231475533404
0.005276179911291479
0.010761335251004311
0.00804549969163304
0.0014879884119238795
0.11353774002625983
0.19997684837466068
0.22414992618337237
0.06190579905634763
0.08770612387056076
0.029887136613751863
0.00015679877078866866
0.0019707922123615162
0.04783073675564253
0.03645788857116372
0.009823082379128323
0.009376318432529729
0.0004975659084038853
0.004066042759205857
0.002808656596002379
0.008929463014197836
0.0055854654470408605
0.003561566425446472
0.013463818673400851
0.012344023591026598
0.03292099297695472
0.016380134507897992
0.020531167459807875
0.002568708750999349
0.02978976385770693
0.06347773681784474
0.013816681662888186
0.011332289187919287
0.0016313249364259264
0.1212172261731439
0.007312132886170275
0.01364970433192525
0.04783170479566934
0.002991100504914357
0.01053073842697927
0.0011328860016988074
0.06381676130911274
0.003947371957309542
0.001873970503510236
0.007839174504312041
0.01632370036097086
0.13952296739103076
0.004867902549591463
0.005021116962183214
0.009110973031596359
0.01355877038722042
0.005332346785763775
0.01438667981301478
0.06078025538678844
0.10274271230406384
0.019257063348049996
0.016770576663077463
0.01199244213825068
0.09541798181621175
0.005028934763345205
0.04352643931605371
0.00037726642187863035
0.0871905877378083
0.0772001106010407
0.011150349717041763
0.17461831514080473
0.1487386971004412
0.0018812072601122054
0.03908096918999604
0.11865228828966679
0.020951261021082246
0.005425936530201625
0.06476093367064095
0.005887241907515772
0.028101878706536354
0.030066828398446432
0.06951680156572593
0.012903888944862274
0.04388659241635651
0.007145175896710043
0.002870340831066187
0.002631181026657714
0.006532967026089409
0.07176965028176596
0.046189045893328284
0.007563422601293723
0.11361062166568558
0.09979551531793618
0.0012361929407802563
0.000262695185966777
0.018033667573661205
0.0001523433614067926
0.03107013038723494
0.022388382825653252
0.0021047884680456264
0.014263592824704574
0.0023486769934777385
0.5186215049772045
0.06776578308509329
0.3156662149177123
0.004092735655319757
0.01257019004498261
0.13510253701156216
0.005205900855287382
0.026232162573080586
0.05634196150367643
0.027685694506658365
0.007580156195018617
0.0036165730780908234
0.02997204863066827
0.0950039686964601
0.0005155976004687091
0.14226289062099795
0.014034720932102118
0.49520953764221076
0.003945163129145612
0.0002839238778165054
0.18798090166436054
0.053626928331652834
0.08518369415401139
0.001977061382348211
0.007069629790152021
0.06220997507361403
0.007917342555543883
0.006477861191086731
0.009910646795589173
0.019753496508059243
0.06842500278557395
0.008257857822087544
0.0024492737271373244
0.003963057133631764
0.01772087931766464
0.035576563870250766
0.25127061309217424
0.03344583582367022
0.06538083659788185
0.0008750597981759256
0.022243195220056577
0.00021502956428776088
0.011358514164811595
0.017931919379464034
0.02955919909612703
0.03915384684862033
0.024353783618749958
0.12609945247911014
0.014002968985550979
0.23485043265353056
0.005539763523700003
0.266013645003369
0.028875511645168217
0.010292634643633392
0.09609362694547485
0.010539034412175852
0.002496260625633795
0.004343910766635872
0.005223159293450408
0.002362016202795303
0.004630542556185446
0.04118128957964018
0.00971752810403359
0.07436464264443998
0.055252964738826904
0.0977589275164803
0.0017003622313040978
0.0004286089838387852
0.00248121035176041
0.09760894044831048
0.006069876428284715
0.07565627292817112
0.01779863158398598
0.002455162130502231
0.38496090289137896
0.11826027741028611
0.006978280279241744
0.044496774022547925
0.06340947625525928
0.049916069243579386
0.07880074376501511
0.004808427094445733
0.03595086453626095
0.00036544362566814925
0.023207650725055373
0.011794775782220768
0.15349289505985553
0.02203907972119623
0.19161767842899735
0.04609303653074903
0.0018743968510364084
0.005841127211880348
0.03900572852816708
0.002576991124556116
0.013031179576273644
0.8919599682576802
0.023697453884551578
0.02399960916304167
0.00023099990013975003
0.13401595969384061
0.021058774262741053
0.007294851801276536
0.0011132331095495829
0.030408854209412084
0.07410094155821412
0.21935519500235046
0.03073822869245646
0.05771851568556485
0.05441649142596816
0.009058508466921467
0.08364766932405132
0.0009607917737923799
0.13839261379303025
0.054899493305129
0.004968103826712422
0.21577853366179056
0.18514093135050302
0.10294269949920931
0.4455794814495846
0.09004200376995186
0.038078650706580675
0.011442266958482605
0.029427335304688995
0.015677372513380305
0.008485458968664261
0.017779525281952147
0.006053139954559583
0.011727526751997175
0.009773590237244889
0.5554098703725856
0.003802208984183153
0.05880284807446401
0.003050584838774739
0.3146816596516544
0.004933363481853803
0.0017417141672240177
0.05996397075031723
0.0656903671896032
0.007737485417919743
0.0002090801843905865
0.01794115178466882
0.0008422934325551523
0.13839286351006308
0.2318516532468209
0.0088132771512619
0.01740147882463816
0.06932943743476017
0.06438205585203605
0.010194053188939733
0.03360356939018061
0.008337930850785824
0.05609216775124537
0.007763833494124128
0.021448680514509988
0.02084907483015286
0.033202741086228116
0.05948718352834703
0.0016419669979939044
0.0031413166147444826
0.02333815371329706
0.08327213536844624
0.04700030317277992
0.00025801040405326603
0.02391755015079866
0.005106458856687368
0.12226602831745481
0.03734244085566729
0.006490266448054172
0.16570251284602477
0.03510109036321296
0.025335404752524937
0.27229374798210415
0.003516765939053812
0.06441139028046905
0.002674699966320304
0.0017768156926933898
0.004076993901833248
0.029047674027594894
0.007051658167029018
0.14576484904230824
0.0034025394338925707
0.024754389274164623
0.008893500811211652
0.024644722721319567
0.00788799781426519
0.004412520159831956
0.0003026445627369867
0.008262331291518876
0.06938592653239084
0.007742958390252852
0.008439715257964053
0.0049397671511712815
0.008475745563941928
0.003162627238737059
0.07033854224525271
0.0396321068670602
0.005156115217118895
0.034027068532168414
0.007977814609773759
0.02837986626093425
0.015543005711293745
0.00615552440922329
0.010482338816643733
0.2743272741895737
0.05411783559253536
0.0028066737428673605
0.015123252803931564
0.0323281512087874
0.01303425762569077
0.666298079635709
0.03364234728482529
0.018583573837474887
0.011388835681742648
0.10455425120068185
0.006307325178255496
0.0017917036088874738
0.0453422402907222
0.05025963491365815
0.13271820632888875
0.000992841431184388
0.0021147986116432094
0.010903216845804309
0.015447493776832744
0.04219703936476549
0.02005331334123639
0.005228233976509955
0.000542537210719729
0.0033042604102888617
0.010696686376519438
0.030026520368380716
0.12254299001239133
0.008310654683214125
0.022114440091542065
0.0034510317551337266
0.00016292100741566173
0.010828191002985932
0.0013424316228451971
0.03261178712062929
0.09575235440215124
0.008572918404524899
0.020502504257166265
0.06909427654710498
0.03965478126673361
0.005735265245448318
0.10237915228120187
0.0133702070723416
0.03300426300498316
0.007541531151730396
0.015078010161772681
0.021906533832009245
0.003275322944347181
0.12730434994867323
0.01094164786258034
0.03305469058554422
0.001634335815850818
5.505694485918866e-05
0.014199571063016947
0.0010595994944537779
0.006210919565234008
0.03377403214923902
0.029924676349793344
0.04311869850661765
0.04430653576972077
0.146132153951271
0.02257616702908649
0.0005680393765317149
0.06020293543562616
0.0317533690565881
0.016416748778624424
0.21114725369096732
0.08443352210548483
0.00901489154415458
0.008484234618350683
0.040604083962989534
0.007895627092693758
0.010625378087610216
0.045023044060286566
0.2047904499747233
0.03832132847267644
0.0023749867565641125
0.008707203701447952
0.14054662586917743
0.0015229999688699536
0.00032858548280501054
0.026642761588533403
0.014483828473885296
0.007268447750163887
0.010686410872438046
0.00431738995726505
0.020071531235572593
0.03574050768904158
0.3007225210620845
0.016996835658687814
0.02670054683790113
0.0012161770104626157
0.04180728139587586
0.004146048949735359
0.009014010533434202
0.0018607066666618266
0.013245150894874769
0.011538211484918293
0.07848349534430099
0.015934875726316022
0.009865121345882244
0.043976281742430956
0.08906171802615859
0.21329555821429835
0.011942267983840793
0.04533826986593681
0.053426338499036774
0.0069905319458030135
0.056784269992618874
0.08183250125998143
0.021414826290452993
0.0008687341747304345
0.027930741890116906
0.1280207327739049
0.02339357265245212
0.012665676627563016
0.009600109345171859
0.04764584788938464
0.11633589175556835
0.0035094296502791167
0.012864511295731518
0.06388374662702745
0.08956473490303551
0.011700092691057762
0.010508276656452153
0.0006089182841151342
0.02036058420381437
0.008800585868527833
0.1448473352943438
0.005801427398580472
0.00608966705388525
0.003889586509529863
0.016237689842910186
0.0009883702108766101
0.01564589028618002
0.9134715185879543
0.009453033434425606
0.007292937371801145
0.04519451711738043
0.00616397719383599
0.03878560602154835
0.0045412078319202465
0.0016019133556994802
0.005500097909390433
0.0037654378654394804
0.00829435701061243
0.004193685141643755
0.07846428922735527
0.023861284252035375
0.012738422617388778
0.03160562275016332
0.03389462758028117
0.0019132544099420556
0.021447027570701493
0.000848005138635699
0.16259410188297352
0.008360748750874336
0.03832188631221811
0.024015650711845637
0.06605861652090539
0.17275191853221372
0.020327359923982158
0.057535972430969196
0.018435908957400216
0.020982628071124054
0.0689573931666132
0.0154698241850042
0.00485076000794038
0.012440381478484142
0.0018703935677422123
0.0014402561508291
0.30996602402501594
0.012871038878870422
0.016846653847750304
0.0940053129916123
0.018628461081192427
0.0045538042105874865
0.02328422470995406
0.07794585662347231
0.01163774030041509
0.028517864116935243
0.021472408720654812
0.02052083897089574
0.024064219816210652
0.0009100144245621777
0.016411479502409065
0.09417321606613882
0.009208029529077066
0.007516545266241792
0.0485938891297053
0.07676350620479866
0.0016441393950685779
0.04932159987291129
0.24050533723573153
0.08576083529834477
0.46368073435576207
0.033548838618514765
0.008471410785944045
0.019207656051463573
0.041532120332533395
0.014621751581813669
0.21584793091238907
0.10732752292904024
0.07447215494948978
0.0385839038902418
0.0022444947672397575
0.004207676359300194
0.01974669112954075
0.000376000145109856
0.004987582946313296
0.05060800458622339
0.013449163164807487
0.12583669428119038
0.08711931575598442
0.0037158341709471188
0.0017113637236150225
0.009703123819946313
0.03593822946371006
0.019392997980872906
0.004229190653433079
0.12483211333466215
0.01917961598360307
0.014699386819216897
0.008662969308176116
0.008753470958765774
0.0018304743928183598
0.08606681616774381
0.02561606219830992
0.024044719583685037
0.030402491069963844
0.01998302024949794
0.011414283333152753
0.04275431774044591
0.02198065059445753
0.012706036345434768
0.0038721037494440225
0.11702494287055742
0.006415303919823145
0.006202814371704335
0.06142704886772776
0.08879798283945206
0.0018848077417032982
0.005946718973802945
0.004284093428026381
0.004276244185348332
0.0006603958278788014
0.020621773622821138
0.05380465536910606
0.20425668192484636
0.00924281221517731
0.11012096338333777
0.1297105757630277
0.03894733994880539
0.14705347179156547
0.028022387491063228
0.025297225097148157
0.0030143953634933496
0.043031445854296635
0.07212346043613138
0.001869576142638607
0.08011281014105975
0.0004508916207157654
0.0045957270554879415
0.0008014439302712617
0.001699581867882216
0.0003953294143173025
0.020635450590077653
0.007270728760346401
0.019949589218754227
0.018908026879500994
0.006777643741969541
0.026070306146095845
0.027733693935601877
0.047783852256714
0.008105881793767367
0.00883600041439081
0.038699091855818324
0.02379845186524676
0.017496725039677585
0.10247332464385295
0.06057819306701617
0.013842310013416181
0.03730470347059622
0.022689261738889854
0.0072001404961952176
0.0015208115691223156
0.038898117487747186
0.001983369076128838
0.0028506124751856987
0.03157547837020047
0.007630534544546208
0.02814137375634118
0.03429683730465172
0.0036064120133971755
0.04721225884281921
0.021062865558633348
0.0018516374792909573
0.04606220249809212
0.14891165187782462
0.094147702761461
0.011764668029485392
0.03643504408040599
0.01575017957475211
0.011437339856826156
0.026429977781702974
0.03568556745938167
0.026382340353592326
0.010743807142546302
0.0008780585516490191
0.011107267965684287
0.002918836763484478
0.033961505843564055
0.0027624658124238977
0.016598574507327157
0.011376602647942491
0.00562753657459325
0.028134625587000528
0.03207481033106774
0.02246299110470318
0.020946910569051624
0.15781987244369589
0.006467911829105333
0.010499562055400702
0.1199277813758215
0.042325746724827695
0.008056632728170143
0.021838608594180187
0.0337952208714114
0.059869119037841756
0.009692326842355214
0.04316463743501231
0.004192521535145488
0.17258453819263764
0.016394956890195544
0.003555794192607209
0.014497891681600095
0.008678594039935206
0.032261373049351505
0.0033614490651530105
0.022199080907512325
0.22895857823752408
0.005729675591311434
0.016853138090198172
0.0007069996603092932
0.02453261947553642
0.06734385136880405
0.0008275038591705197
0.053968776888325465
0.03923184119440748
0.02987865773178555
0.01888304783960848
0.0030330086150058833
0.03249042297156279
0.27283700584118264
0.13882698218290557
0.058962928317754404
0.01426655813233424
0.05941345892571803
0.09755426295288316
0.034770956563505706
0.01700152586087711
0.004824245550338446
0.009881196103009415
0.015365152492364587
0.010434787076917473
0.01078196415784305
0.0017658767256421015
0.7548652597359649
0.005622842529675154
0.006576202459967817
0.008840474859368896
0.008892146663697531
0.04953352714713333
0.001481470755123837
0.009842971870710926
0.5038673982851662
0.10298153093950191
0.013130548443285761
0.09608240188944706
0.0489955623408207
0.0008232066956850304
0.07292907660257697
0.07234952454663812
0.015162678639853766
0.030921406757101977
0.10163954016661592
0.043272851094542375
0.17499293151516326
0.007382306348972634
0.01645649556837725
0.009568140043114681
0.37082579430239093
0.12295480157928296
0.04301526799068256
0.08565189627489644
0.0776552252414433
0.05063371680242312
0.049307338901400044
0.012854110585863054
0.019233305669331457
0.2458564480591292
0.005752613357458358
0.006328845913799341
0.013914308019025157
0.02501086670727659
0.0020793283176487876
0.00682246218920568
0.031605900665340414
0.034494776799760984
0.0031143321207594
0.002084326642858514
0.000779211698642257
0.06764678304969607
0.0517977817634403
0.03641145692463965
0.019167527087233793
0.42547931688577023
0.008486620388566735
0.004477338513993345
0.009488520411053969
0.004730880993520259
0.004215635905779891
0.1940534211622662
0.03624081950667346
0.007645219900638267
0.03529422360102785
0.012499112602398554
0.012567052637280085
0.00602032421295462
0.011982633410127619
0.04835426097682216
0.02207410320534109
0.007877966953259374
0.10884244641002283
0.07589842722205731
0.030716070418606023
0.019540110599194804
0.005613687730743777
0.20794871993786046
0.015374596853774847
0.16864488193215266
0.02540950380182494
0.06082413852027457
0.014997524596935818
0.009377738284428005
0.003226558212134023
0.06017069119693019
0.03706496936496251
0.045739516551549286
0.045332531720418956
0.004523976384291473
0.0031082373017738973
0.09421827114590542
0.0003080400836665831
0.130158720135654
0.018267762644200047
0.005425395209584849
0.032162234947378465
0.007994565057430236
0.18677522498956023
0.0357693549440512
0.0011822583273328746
0.07727769043677313
0.043679918879206525
0.005277579976279867
0.007956304967365213
0.02417459476467343
0.044226537774846975
0.2632505270375418
0.03984768449635112
0.1531285514726335
0.00423756764251948
0.03176811622842024
0.23049395391785765
0.1546913127581604
0.02355858785529108
0.017250950144244825
0.0038161293390999163
0.1660678694704245
