duration
0.013530508689295229
0.04142775169953561
0.006893091185850686
0.005392060161562462
0.045047165301015824
0.032851235040709525
0.013788975827455197
0.009223438702293585
0.038298831967361835
0.0013167983923638715
0.19814101755395264
0.018841758861097624
0.25198349788022334
0.013143308070826087
0.015351071023741447
0.015126964204268845
0.029110478049185318
0.012219730606248369
0.08027913312041512
0.0006232100268945828
0.044627491653594475
0.007481526893306167
0.020617643018884024
0.020092937888708917
0.020119171567477778
0.011139236153136167
0.0005261829865439438
0.0029003631012525233
0.08390450951362283
0.019252403066097656
0.006775815684411768
0.02058748653648479
0.02905820614467558
0.0044252724923889986
0.010069313173197258
0.00639612127970679
0.002139753293484148
0.03994383626831777
0.004606527995823839
0.01352785083462571
0.02659863523675199
0.03633434623087162
0.0343534593572965
0.061471238642795356
0.04341513131268826
0.030402692026438416
0.057251746325174935
0.005639179668257555
0.013959796442968297
0.013400774904336998
0.004214358139503105
0.004215935205273524
0.022680490872787118
0.014853943742227926
0.056967073122798695
0.2514685936808796
0.051127816814339866
0.0018739403553880152
0.1077467936877774
0.013141115212491172
0.025658401195702396
0.023495234517081798
0.10774115092000969
0.042574975827587735
0.0037848753284421832
0.012254105323144415
0.006785326511607792
0.029317810561249047
0.017891249625197503
0.041712163170839034
0.0159092784710424
0.09676236559380769
0.02410537827917736
0.023587281092012802
0.0415522028518005
0.009880737110684379
0.07513385356341828
0.05089736488514873
0.005273756996842849
0.04119372441736502
0.0020658823129870996
0.01628897958563158
0.026686394866526797
0.08391177273272277
0.0032840841848198465
0.040250097510242
0.006831842691877199
0.017599555686775403
0.12507862565452754
0.006640805289723772
0.05561946055404121
0.02530701225510512
0.08578899154945674
0.00620738043605229
0.0577315697204952
0.0034007197251284538
0.011114271314525581
0.008393347508302895
0.02171524542107761
2.825969499298253e-05
0.0247976289864269
0.015846883445419735
0.04671167059522929
0.07993613024665791
0.0025473989494742
0.011880095146942438
0.0010798606642765662
0.0024446203732466643
0.0018815030867074256
0.0004286959532251444
0.041233967766181934
0.009784171718479229
0.03611889787880074
0.06030361302615006
0.005743893448773463
0.01653785187460244
0.01852481767623715
0.032493896257349775
0.026843242794925004
0.0016139310032272647
0.07942106773636226
0.04316418465221972
0.02057486780201856
0.02486852618253721
0.13555517945119533
0.00832041747033685
0.05401963440203872
0.009733152929619848
0.0062170509780941074
0.02128793999125378
0.029826194298003372
0.02556360566623539
0.11691176867640962
0.043063850234354106
0.03440105118980341
0.023271239786339493
0.008248567165914267
0.0572295885266243
0.008628723768943303
0.004222876316553936
0.00022918130236604384
0.019571204841248857
0.0005781835178666483
0.0024519375310418923
0.01955111209345972
0.021773803516467183
0.005461248114343675
0.02103941515904495
0.11352071590497559
0.049764208193536774
0.11159441027886174
0.007021184515394907
0.006939640375684064
0.0033378474182086393
0.001137357352803292
0.02284728275239445
0.006432480752309289
0.02322863721201429
0.1212789272300796
0.03243991133216184
0.034656948274303545
0.015498694263627044
0.02211488352658364
0.07633828304155088
0.006423311969129486
0.003825636866451987
0.012066509621050159
0.0015837451842486416
0.0338273756512848
0.0012581429644171749
0.042896388597512214
0.04122976191314365
0.008700087773604537
0.01868011797506597
0.01757963255214179
0.017040690386423307
0.018545514258121898
0.005883485352939033
0.0028506579594846926
0.00042605411842089325
0.0060243248969698016
0.011895779779791837
0.0017766263252809722
0.018534451292779863
0.016029136278874034
0.057733146028368765
0.15335037218689251
0.0128397658003081
0.0010336629778890938
0.05206353823325571
0.020514658593782542
0.012800200064077671
0.012172465006671018
0.0025373895308291594
0.03532158359554671
0.015875864618166702
0.005898927205308269
0.03612943423021875
0.00046637539756488877
0.007833317518532112
0.008923115783403546
0.08921540281649243
0.011097241484094411
0.029673099362980793
0.016981835300697412
0.033486057865317775
0.003165598227326427
0.05157561203033367
0.011850940969935664
0.02150606654765852
0.028961976456670868
0.005154182565917154
0.004767353685977582
0.03122358531344105
0.02745375757676527
0.010256251650659465
0.013391850658024396
0.04125569805229645
0.03691425365525447
0.02976898793221494
0.012715752209444986
0.01727275344212842
0.021712320578288313
0.01487123334744922
0.010414011064668216
0.00374583414915719
0.0042629204703672485
0.0327755642866947
0.0307745112943536
0.011704650951486428
0.01956114890683125
0.0027058601774996305
0.02011327182050593
0.1316554001993353
0.0286637384095485
0.017374374385582314
0.011562655729235871
0.00040158183259109137
0.0029102310801505382
0.06328314774297894
0.005083982395277076
0.02819332497487892
0.01547371483850668
6.050544557467674e-05
0.012880122235785052
0.1281040392023698
0.00205148727759763
0.02159793715441083
0.03668178205778361
0.008715531281310973
0.04219837474337851
0.014617694114534174
0.008569858195770053
0.0008054700756048305
0.0031390024696378305
0.014632193182080755
0.029506201121208164
0.14103470477466828
0.04493730899393711
0.0015613358720827364
0.00505241991118055
0.006850935504061795
0.00046224538336048226
0.004160648144207357
0.022077965619160977
0.004239053466164933
0.03005714768762857
0.002634105898223993
0.02283654036847338
0.059213048541451485
0.0035862854091988083
0.0019261209040308813
0.0009144065516153432
0.0018770157817868949
0.003569659616104559
0.02377521336245536
0.004220229737754266
0.007305370096446495
0.03146772480691595
0.08817180160136218
0.012608077824225461
0.0002484667271858143
0.011791140955224932
0.07068465163256121
0.014542479871664682
0.07966931180214942
0.02062707855560575
0.010725737152981196
0.025330171861142503
0.00899037141284964
0.0001953767640117121
0.02295840630371515
0.07775296091666917
0.22520793783871795
0.053045872413903794
0.005620926889150724
0.02211305542765274
4.446091571708166e-05
0.009411815063671725
0.005445794086725186
0.017055282643227088
0.01894154559268202
0.038110421320965315
0.03520145763653204
0.021657134022390778
0.0005891057950293543
0.009809021758186987
0.003640987238611615
0.16409650843787915
0.00906755251619984
0.07461551141634004
0.005858521988386656
0.01910271789131457
0.0018609285100694706
0.019966218637392785
0.0151974312649088
0.009476859891123013
0.0428388623802789
0.0335589558899585
0.021292304070186674
0.003958671872709374
0.0014739877421448
0.001164755924378369
0.017903004252616483
0.04853453098121463
0.0028296515976364844
0.048179291082732334
0.01644472121608942
0.1629415272311121
0.0032653791810446364
0.18182167736887322
0.05383888837738482
0.038929252125399216
0.05290953801363685
0.006984186928235658
0.024584651548792635
0.03481359280633001
0.0051592112467915285
0.0011101049879869151
0.013392391628400446
0.003297465486497231
0.0350710940067529
0.2639008343679734
0.0012967223999851285
0.016993901137425382
0.00430883767916157
0.012892678106339872
0.003922041501738249
0.029901014288611805
0.024779541969309093
0.0037831523290208224
0.010886511842215896
0.011562621218359936
0.012034659274121395
0.015245810977319252
0.01931551504850404
0.0023053601161109327
0.008549904936586472
0.012491795420970675
0.03846088252137747
0.021670297729230015
0.09631034638539404
0.011192489047914478
0.2790814911116968
0.02369565565487619
0.01599925614121389
0.011169374353329431
0.009936397519567208
0.0481431847457543
0.028226770889659747
0.01312231072989789
0.006873327773917026
0.058077733517535535
0.10160970271186898
0.037934984066254174
0.0006133644084798107
0.020856610061599667
0.0005475289743515077
0.03166001840222066
0.022043711072711858
0.02317106653961787
0.005507317706388903
0.0007083996489427591
0.0032481342444157235
0.006464103009705013
0.0016741875172101572
0.02549552959513335
0.0048117360033756995
0.03627235362466763
0.0031003923524508537
0.14364880004583824
0.005478158157842472
0.022563612873454986
0.008241115787257058
0.1821402875449678
0.002104952977532548
0.005931903872607336
0.006530202229953375
0.04711601313775304
0.09967736732056665
0.006695103889683196
0.010844456127529156
0.00209759217571559
0.0025858729197807406
0.0018330593984785537
0.07511359316316657
0.055571734571486786
0.0120419968648946
0.005950573940509685
0.0005437329916446743
0.0003012300701072945
0.007195508164130615
0.05533599575986159
0.04776301610198175
0.006583104905871551
0.001261172996919413
0.053089068432228714
0.03983804746584951
0.007009285889864714
0.030106208646714094
0.01453855560302486
0.025402271613728544
0.009988219608118243
0.006377531538475978
0.0020268906483238425
0.09087220972165255
0.029820036002377037
0.027556602075350156
0.016029064414709637
0.039999002155582275
0.0007435836516549443
0.02489626929340716
0.0019250265951029633
0.050150478513018015
0.26730385811848123
0.0030592702060801003
0.04449255929830542
0.0028651996637449884
0.007965749417223833
0.0002762525180344255
0.025652583417013375
0.020527238846227647
0.026751651597720638
0.06864783126840734
0.05417702257329893
0.01281863549209561
0.026767167884912624
0.016472835916232498
0.0918991849848112
0.043585518769845066
0.009246852968090025
0.017874881375718132
0.06397900106671273
0.007935120146726149
0.006470536340430044
0.014702104387936288
0.09383076978809868
0.08829379416016536
0.05283643224592538
0.022322937945375543
0.005110870011151292
0.009499832690920584
0.08859091949258868
0.00506773658446491
0.0007627844786668447
0.03262270446745674
0.00871146380629284
0.030269270785709068
0.19022313007494063
0.005241747240120276
0.012976970163549595
0.007658302614913737
0.0036353261448596186
0.0073638018485269185
0.019193894502848252
0.0010882707265409408
0.0008000800177967449
0.013829140873355072
0.003455849957532564
0.2117726505407802
0.00047555380163544214
0.0011849474529128656
0.04108445085478252
0.03481727399557144
0.05139347060247701
0.005203192729766215
0.005764398970740103
0.049935869140114164
0.10400738443692603
0.11153015500730135
0.02618071111535869
0.047543303852506824
0.09685783090071709
0.038341761582870504
0.011013912843111484
0.0013702486785973633
0.008209267530418174
0.007492499610918912
0.12166689988603707
0.001317568869239949
0.018359360264241786
0.0022325667062546017
0.03638068786307258
0.0061562421675205314
0.04320676627898479
0.03585553018993437
0.004975376127021036
0.01986017484648528
0.01590401144321163
0.03333753523210703
0.13501098185560068
0.10644702660232497
0.0277324010548341
0.006537566344860579
0.03639548935757375
0.0020586430313755955
0.019781004312363848
0.005686890996287275
0.10524442768172548
0.029371097835337423
0.03523888807058029
0.011198007889504424
0.02279261262918908
0.03762200899481627
0.0037456813535072797
0.005988466483728416
0.001990576968609048
0.01823748300117245
0.016889914141671625
0.007564076143523835
0.17335270148157633
0.010988084375611606
0.0022308302737883423
0.004228031391477316
0.02187828352484189
0.03942816891537859
0.015546235899478233
0.0272291012652488
0.04177776579939518
0.026088436272772242
0.010782377827410983
0.04194337170250151
0.0034991259392143093
0.06009718941390929
0.02184435450689648
0.033780531888652376
0.014780245060592279
0.0027644416975931563
0.05685974785671988
0.009477248250931325
0.008346664182596442
0.009055459543617417
0.07198044936868087
0.000257429623900407
0.018775223800503227
0.039960338607329504
0.0073600983019446176
0.0028826552496354907
0.009175198690115849
0.06725045163688037
0.014308781640409052
0.0040235405779185385
0.04540961505620089
0.08609087260757065
0.04486835920044996
0.025385474598067503
0.0037782455144395044
0.0025102301200945476
0.009348302698526822
0.017155086016146015
0.023780353062932136
0.0014710525797454466
0.0057768298075018265
0.14213659040228777
0.0011215011612648595
0.0029410975372172743
0.0116753107472789
0.002774118944728343
0.0298320422897973
0.0614991338627533
0.0019430579291395134
0.007407011789155149
0.005764943703894687
0.04624466261083171
0.004484351634715722
0.03206962699627525
0.0014103340224096428
0.002147182681170534
0.0023979223901164914
0.024332207780304316
0.0032167286018989216
0.013612584392348026
0.0032554025271167575
0.004967466256090347
0.000783101823827792
0.01662971743846242
0.02242049728351958
0.021972779774131368
0.008430195989348022
0.010401054854156655
0.002645533152843882
0.042249957430612994
0.04057398701556281
0.018612427503370554
0.05597445943135426
0.00013070686370042495
0.011512724640823535
0.005832341059630153
0.01115371218733685
0.06918914987190306
0.06611629840855926
0.06925332635000814
0.0036038398169750963
0.0003295306276527299
0.025123130708522012
0.023197414566794805
0.012820019020409745
0.01849462119770351
0.018853598989124976
0.03420434353381552
0.004113496231752833
0.023136299477897637
0.017252760368393183
0.010861793501476313
0.020595072418387872
0.0030090404552254313
0.16977766563246632
0.06156849883635118
0.001965845454861892
0.058893012531541444
0.1503192850728965
0.024892027696807872
0.14133528781491123
0.05095937507570625
0.026361977225860755
0.013003203753896742
0.000618406128182869
0.015651645201330666
0.017871535897995727
0.03528306433850048
0.07146575645151643
0.0009801233779285212
0.05084987867883228
0.0027544268524479776
0.18935888343298757
0.21950834795404717
0.01601590079712878
0.0870322019042078
0.04558370194285999
0.0022261151339080243
0.062274812032626414
0.005017200817292178
0.08837685943007045
0.035367446649274825
0.04888727664109638
0.0062640724499942735
0.10486494749665098
0.01340485227899535
0.014280190844772278
0.1163628465056945
0.0027538602529944
0.04756593504924922
0.03447661500695176
0.00029455479256057515
0.019209995298638205
0.008879432915819052
0.008192460621444297
0.008614212700877033
0.024061422306715485
0.0005012522846072898
0.001772253267688484
0.0032394404227602536
0.13043441524138188
0.049060705728834364
0.011435227647098145
0.01845337812227399
0.02388225796119059
0.02140900854811889
0.010276435320747623
0.1077110200047855
0.10762487594757886
0.02158273845822123
0.11430259656287944
0.02597746964494263
0.014591052175774166
0.03196246299404493
0.02616483911947398
0.005206740882044869
0.024110211418587824
0.008211614326171457
0.002490255562577204
0.004613342401853515
0.00408325965338463
0.06207929427142744
0.0018792953309798577
0.0145421566726327
0.026165134699340342
0.08491617527977269
0.006918063875673397
0.014950065248626743
0.019994172759538742
0.001974278673515073
0.10030970856104204
0.023368517169558345
0.08523798869219945
0.008892111512579959
0.08553187268853435
0.02526818197782177
0.06069242361536453
0.01025874626947143
0.0016465375972529728
0.04026913093650819
0.021905948114806506
0.0007387107522163205
0.05252222206644319
0.00696418897825879
0.00810530181604463
0.017871321219729452
0.036989083665389444
0.0015187866090400348
0.013816308875050254
0.06620604158729293
0.07978912381986447
0.024920702369229275
0.06857774045010956
0.005663203633559988
0.0099736461514226
0.054276687044136906
4.0691994286135014e-05
8.532591698440228e-05
0.026925446048039703
0.0058592284827341246
0.0022789383597228152
0.0020682473247006783
0.011984661834787858
0.03710652488092592
0.0017062155056351003
0.017330057148797096
0.0018494750033255514
0.02067016245985087
0.018595359020366686
0.01615477689142608
0.016327194351049457
0.0009595098758836684
0.04610060256771931
0.0022892571469128598
0.002526171529439125
0.09643023095128456
0.022369676083826562
0.015854757217709903
0.008835927290363088
0.030207025705749402
0.0015295092818519151
0.011128614166693751
0.10486792826304736
0.014366681496937872
0.04570649471173738
0.009536180270913519
0.1551028592604098
0.004235690265602443
0.05910043148526256
0.010846858740080734
0.002901145180032927
0.007578583127781258
0.0007381093552680795
0.002004933297428124
0.04684154559186027
0.039727781183160005
0.11517420473677475
0.01683419704880862
0.06596360461486483
0.03049297333575396
0.015244112027119172
0.05348037115817306
0.0032500435587508036
0.004011083344664712
0.010972460060486355
0.15112519307524508
0.028383017414682854
0.04345044369006246
0.008640413679529502
0.034935298954280825
0.02095780823367477
0.02898580432372455
0.004412784740338793
0.023023880115317752
0.039451377443754154
0.007406023159205688
0.004736639805173581
0.141907467924284
0.049316403451712176
0.08144193166731384
0.0028537464638134225
0.04128430622392898
0.04692642786568513
0.018550524415502423
0.05059968230091272
0.004807618660549906
0.007221451284408431
0.0007480264169430484
0.02182954586425012
0.0017595043684082157
0.00014545077914362992
0.07067857245999676
0.01221733687680171
0.001042600011999184
0.014215245076286465
0.007814796807508628
0.013284228643101414
0.05569239251485669
0.024809346324673243
0.00890803721733846
0.013654205393322627
0.0014352974022813214
0.12664847286691838
0.007900130130622074
0.026174162417362368
0.018859252409015426
0.006621979975193426
0.016385674603952793
0.013228681590931046
0.004301183275799758
0.12920538809419213
0.11626556668227295
0.009529385016890046
0.0005755578465027611
0.055712561935990834
0.03751543507058841
0.026918825450366057
0.009641664538548866
0.062373740314342285
0.0027847532319356105
0.13589749905503368
0.021960956958480438
0.023179381664022003
0.019151128273847462
0.013739565568869239
0.004733587339217138
0.05653632045630275
0.11546382108218722
0.0009331605807574306
0.0032586767894713375
0.01487754099224503
0.005806769552123114
0.01458706730107906
0.07126767936250644
0.025478921114370223
0.05320098443093002
0.13743847828794742
0.0022709389358510634
0.011463493676615144
0.026026497027373807
0.029090977551902597
0.035147826520017134
0.023584239719014022
0.09980913326813834
0.0032504965838597855
0.002443305960980524
0.0011666947534649807
0.02261842732718833
0.015604724535819514
0.014130202860144436
0.014582827476999682
0.0030964715008394705
0.12058084065370167
0.030721430761730062
0.0037750361572079782
0.0012571035761084204
0.02610493293940408
0.06166596416551329
0.07508765536323381
0.4726457932717949
0.08550759148175757
0.03225408816064146
0.01801100225418395
0.007576445434040124
0.029204056308685722
0.009680200662671723
0.06344040039539323
0.011655790971474289
0.05554646905039817
0.0019938767784992706
0.020098904472604318
0.0038749511609807996
0.02487633778923737
0.024649953839855243
0.016098615579323905
0.037882077051108354
0.04068669489703325
0.27642309904075546
0.0007132241725003041
0.0037785482711569784
0.005012777193030615
0.05026582435891669
0.03618489088160004
0.009532347961680898
0.012293181811912746
0.012315175601258943
0.002087706166719272
0.0279443560953041
0.013400712949419358
0.0035799500389543937
0.016482515547068033
0.09909905201635638
0.0051624078196823575
0.010452378665434026
0.006868157652945683
0.003887487759925534
0.008640765846621434
0.006891826047990435
0.016258308074441175
0.07462850755541695
0.04798614460480621
0.007059500453351575
0.016795937870654143
0.021291757632241115
0.009726058832200124
0.12605554723876367
0.028428103614828615
0.06792399178584674
0.24539196315640766
0.0020647520075840475
0.0061211464090433765
0.006816269692251353
0.005456783072304461
0.00028389781692794713
0.010501288656769248
0.022289075165929262
0.006909240313461851
0.09087506093186448
0.01632892137121189
0.00883701451499519
0.013388937245395027
0.07181284981891167
0.03377913582085057
0.017323833412888234
0.0019187838573770932
0.01719124464170818
0.00609148477974486
0.018328816806388204
0.035312457711143
0.04992614255081662
0.004048244248110677
0.05410645818130888
0.001773807023482732
0.018103160838279564
0.018012050285221903
0.052701041571310725
0.033406654654584145
0.0018459840317746057
0.02287639830126409
0.023264546387508744
0.0013093274318407566
0.00900719415221829
0.011280207212621463
0.04607608615327763
0.05413668468446531
0.019596836807693307
0.006717899412024053
0.0976892804126237
0.2535474051622373
0.021175101972971788
0.006186021225573768
0.01661470841929713
0.01343870408567227
0.0003294055595119971
0.002830119351756366
0.05966058871393898
0.02886675347298251
0.014103399678901951
0.035656259711288385
0.0008254401649310239
0.11405487846678852
0.018652427007793904
0.006935470128098586
0.18420673559921852
0.025898373438337785
0.016286344368722894
0.001982492909633038
0.10633373918602729
0.0058728531656129235
0.0159499039258435
0.044097043924352874
0.0001657686917724277
0.04164033861098915
0.005152005035711227
0.0005865360125767438
0.03714903933837377
0.004931530601993472
0.0013993076151450623
0.0233159575747095
0.058569028502006404
0.015649694087471744
0.00963267178570959
0.00893709025268663
0.009491829133821739
0.030501268799753234
0.0869552389875139
0.015651134716165416
0.07852230028493068
0.005249240414798351
0.01742366428339892
0.001616117434878106
0.022327810036870233
0.1309123246609829
0.026830170277946763
0.0757850289489852
0.008831663542139268
0.03824371765324486
0.009392796569102302
0.08175847798531777
0.20489270017588979
0.00019700529833244218
0.0479254954665862
0.004932402260749313
0.0025770026966824844
0.03600197975094943
0.006636758043384816
0.0018783373437258888
0.003275282191680162
0.004057720596108538
0.02277849517940922
0.006663323717191361
0.1644964723734006
0.04580133675403886
0.003018042357837203
0.00900708180466836
0.245206214150528
0.0681691531819979
0.0210594996879081
0.08380735150245755
0.001160365917087347
0.041538331191077305
0.019549113529592432
0.010377088070129048
0.03132259214697797
0.04500335429304414
0.06306629388865304
0.06512200852267824
0.008320934585810846
0.02079113490913187
0.05383163504410504
0.016046530010271454
0.014314525560109814
0.015460141381424819
0.03584202328426045
0.0020659448861124474
0.007402581415135501
0.001964428344535918
0.005171291646206555
0.0038106811212514913
0.003784828264258522
0.05820195645969761
0.000797318344211817
0.0187062091900998
0.0017013987958875987
0.04358845314834525
0.05429091439231115
0.02895611627582184
0.021069473249724524
0.0006849685635756941
0.025148993289064947
0.14047216134326845
0.10811235353190796
0.015003764638265693
0.005967304992168465
0.0121976614454411
0.03930255184621956
0.009560140259509353
0.003974364891746518
0.009225964219012894
0.09479479552913972
0.07493838058763913
0.004415362041925164
0.013854796914642975
0.08924157243791342
0.0992592165808901
0.040769051736845086
0.005712271084121312
0.010328806794518641
0.007202195549609769
0.07962976465353222
0.009457174709268656
0.006115998699840475
0.01461536281840381
0.0029345456351848043
0.006348832225341994
0.11636358212786035
0.00319167552709132
0.0011242840009799693
0.010323079290628812
0.009616573653431715
0.002605265715146743
0.005754350755012183
0.02603704629711956
0.010280789372302479
0.08122927761456822
0.03851462513449633
0.013879939007608755
0.04792055264169903
0.09700154185998144
0.043220219610304866
0.025579337328395013
0.00955005434099121
0.02591413499351347
0.07897106796053777
0.014772720433711584
0.004524221864357969
0.021396510012664294
0.009565453551090286
0.07870280287272635
0.008480859553003484
0.08281549374538599
0.011323914591685025
0.01962885556611127
0.00954516629411728
0.21402703394608125
0.026779711241317727
0.04675916382700507
0.009346014726645535
0.04502612478205492
0.005590563360328815
0.04030930384436715
0.09341032613161815
0.00998956592218292
0.0052486620353988656
0.0875939107091881
0.012341596165583724
0.00117525443630484
0.013302080383198245
0.014688707631648867
0.0015883013633697374
0.11074146536293483
0.005697511894595664
0.015168584224397819
0.0026677703379505147
0.00565471426421027
0.07096470886858697
0.03701950015948796
0.0014831701427056032
0.041412929962177714
0.003245543496745995
0.02812976944409229
0.03786454519877225
0.0600362880721832
0.07968021297250516
0.017274192758577556
0.015178763253572924
0.009246963933662755
0.004505607741350559
0.0030303069013370987
0.01831190826845841
0.026525408502777736
0.040807408997636685
0.03234131605501034
0.05123812952740536
0.04460015428855968
0.019294858358023248
0.02468888018239568
0.016148437619790457
0.0018544548577779096
0.01777183642690261
0.0365131991828207
0.04157681007518477
0.0213481483904161
0.011470219094462664
0.004625334687432314
0.0010921193709236832
0.009859474381357813
0.07551805644811793
0.04768770712502146
0.10115558172913097
0.0013082025130870534
0.02873679158011555
0.02050859338629607
0.09202705990202276
0.014742441301223153
0.15642698290577073
0.07432266365276519
0.07470778487561347
0.02975506680968465
0.012094329836259021
0.015009134659692336
0.011855182653391694
0.011605945703536236
0.02683117629641174
0.02185256112471734
0.12771650179342942
0.029688653681546384
0.008122297177294513
0.0166425877989127
0.021757910582152817
0.06828221363900866
0.04920801702650124
0.03945794039941575
0.004136434178178661
0.007987344911441596
0.019491625941213897
0.021224902951360036
0.03312644984623603
0.021459103003394375
0.013120345096751862
0.0014916456395894784
0.0008902128403178722
0.0055063673211179776
0.0017974584178546138
0.07706211662895157
0.05089028159039799
0.002405041136114505
0.014207803790156959
0.02022311150619771
0.019163168468651293
0.06356079086702948
0.028318906285903722
0.004246565786388601
0.0009415318982064491
0.00975104741701216
0.040044573610259704
0.022445316673554316
0.049578708801504945
0.009436835526742016
0.01580419895213936
0.021645014746582092
0.025776737711055375
0.043705226242934714
0.009146193710250827
0.010258700119379682
0.04473030051610749
0.05025178737105307
0.006984184387363257
0.01320765173267091
0.00668458749811407
0.008478095159375698
0.005315063989087321
0.16732555532848892
0.02283838617756828
0.00043277327171153956
0.008263002152887111
0.015024322265389856
0.006458256351038472
0.0055279313309597455
0.058843662979086275
0.05611461991622946
0.10396163248822177
0.010387221658106682
0.20984850449156056
0.003416527509784828
0.05776321909559101
0.008413150135879732
0.03775445017890888
0.08755678283228008
0.034756688370748634
0.003870307545639662
0.00711749249830973
0.004169662396975582
0.0006834084557567621
0.11510378908269558
0.0699851553112012
0.006796017951160138
0.007899948568478976
0.00839949256919681
0.009593470490017353
0.10473985124644969
0.03158437490867527
0.027082557700055077
0.04076790987721779
0.03736618207915399
0.023753059533078158
0.05954696183187025
0.007395693177500107
0.005743454020716854
0.013553647117987566
0.0040450097257007656
0.010994754995749645
0.005383000486290257
0.005381406310220882
0.015259425279850802
0.07376688107206064
0.017599246551185388
0.0066772813279385446
0.058534957922915964
0.01562634782249006
0.011058860560638095
0.043261921026100936
0.0008932209607337427
0.0051888265342086015
0.13047906671181408
0.012842569243048274
0.03402073470704181
0.010286597717595214
0.14920301794973057
0.04355711490188696
0.02005140577500697
0.30246192326592336
0.018295087358524142
0.02828518753233311
0.03663877130702531
0.015052131626703158
0.0026086100530164913
0.02888458644565617
0.04064081983347023
0.09927400987123747
0.035874492636025934
0.00012770345722401544
0.019737449410513364
0.0031526224073559206
0.007768223010884867
0.0213912440688091
0.029638709337632463
0.08023722390248622
0.03004929810902013
0.0012999884668261075
0.09538659213012579
0.02573645156189741
0.0010980503270729969
0.006825217009009066
0.0036346826129829424
0.007704967485210545
0.009912700084441894
0.05830743583601361
0.010744848951617314
0.010656414221898558
0.06766598472404439
0.018863596554069773
4.8358280423599354e-05
0.03548056211400308
0.00546895294485239
0.001311756295081068
0.00044134358131486806
0.006908531939416207
0.025501409574872014
0.006142544229874147
0.01698299618146848
0.025622564008244808
0.01861656916173615
0.024990196218141136
0.04048751943446405
0.003287965821641592
0.007923227139599476
0.02465861621988097
0.0069429557344165005
0.0018106019269907847
0.0009066191878446261
0.016779865498961044
0.0001815346997773304
0.013260669833812244
0.00562627038368646
0.010942680297262086
0.0004397879865791765
0.16342671301413247
0.14625560070260235
0.0394288521689532
0.07458706473937582
0.01632302564917154
0.016289268011519198
0.01853404482642418
0.03430831978812421
0.003468223407367077
0.06092823607650644
0.004540576588283329
0.01219840300427677
0.03320640881293002
0.1009673443917336
0.0054342058298288975
0.001830405943110236
0.0016340048906613447
0.0009920067054736137
0.08951451478480976
0.001686045107476275
0.04700443066474236
0.0011075086359824127
0.020785756602208494
0.0630622767495197
0.021097497723303604
0.018106039604617763
0.06378881340776843
0.1113715493016798
0.0074062472126570356
0.03672277952455261
0.029098450847072854
0.011429321396690284
0.19839674924207884
0.0013922511561759165
0.0026314036829262477
0.07870908519817021
0.0016396668845573004
0.025419670965334262
0.03232954049303771
0.009896250937117657
0.06338465662292947
0.1016447917224923
0.015855243376904582
0.011796809459156066
0.04211160084446419
0.022976548296924193
0.06113697454577505
0.017239222432749557
0.06470766318568622
0.18499976812552177
0.017881913195992638
0.04606461429625597
0.006187449813978674
0.016491435802322485
0.01008621206153748
0.0007937309125054526
0.021793012385842303
0.0001555469948471
0.03523219562964641
0.012661172180969515
0.014010841421850273
0.0014143495365033232
0.0006070501882504686
0.026007942807154905
0.06825710401881224
0.0033556362819808783
0.008747314375455062
0.016311842881918892
0.08989109525566619
0.00772589646680899
0.0017057313797295137
0.04513434754028367
0.0033538657645522107
0.0017279151777529478
0.06888594102849765
0.02149965708531454
0.011670268099919667
0.006938748730703992
0.0011569659684482758
0.0152248359437408
0.07255411436051418
0.020990405810948687
0.04131471862967828
0.09895211859236497
0.0029380837535200044
0.03235696906983776
0.024945732035462242
0.0020669699839572786
0.003970276871086753
0.004432518732073731
0.010596693515367406
0.09093784049935039
0.09902804124692466
0.006611321438981577
0.03222529838524224
0.008190987804368888
0.1092819634168336
0.0185058855082616
0.008897683472810058
0.0009856921877826608
0.02462149056657381
0.009158882381029798
0.0008127897274334828
0.023331296033120452
0.001324662093452389
0.021427976007203142
0.009360979613575182
0.0670938912917336
0.045735108426129045
0.049498245371978555
0.0036595913221617593
0.0003669359565492414
0.08209087861223452
0.003000261079023403
0.042392992275267716
0.01889909138844814
0.029104773108997506
0.006906588460424246
0.005468528558481012
0.03970835124221139
0.09717303948650624
0.007467350936394723
0.039586836302760275
0.07839466103371251
0.003054785452604847
0.05167861107099725
0.14100876695169973
0.010401042659168525
0.011527102933882816
0.003273442972840712
0.0030904447759212417
0.0038870567543654033
0.004199813557875132
0.001611672709486811
0.07104690239339106
0.03274468046276979
0.043652773598637395
0.019191345487342915
0.01001712817196676
0.007378159848144605
0.010175327544743595
0.04205077618962605
0.0045841442779419594
6.268909839945991e-05
0.01504145615467678
0.018233704184240196
0.1665594666845891
0.0032988282064252417
0.005199906962616296
0.005392598538264792
0.06825311193404104
0.02327664769813964
0.025571083091563196
0.011571331150548758
0.006825538068142123
0.0039442831540554835
0.005042368448698653
0.009941606857296392
0.03173591613176541
0.006354628125791351
0.03428231540976867
0.0040684231449859
0.006757768690818011
0.004755874402121663
0.005620288180239186
0.028207607782974264
0.02449614465194827
0.008492514551221575
0.0020153112797061112
0.021392354917679768
0.012760050029442027
0.05549754782543914
0.040682187106995116
0.006940107771470139
0.009845695536341736
0.10653466888038565
0.017371680861629102
0.033492365510596755
0.024810985484464254
0.02505860430676421
0.005214018604192461
0.03209301052493174
0.0220790641168378
0.04097479224833478
0.18967754893242272
0.010377837431519765
0.14868030906802687
0.06081563342354457
0.09468666417797067
0.006264734125807081
0.019204864625407936
0.016974450270367925
0.021664777100568244
0.009592833024385072
0.0039566357042986056
0.005037150659177314
0.01758652296280161
0.0002854496073041446
0.0007704286181251518
0.01456776582870134
0.001399481901330546
0.006310818333417956
0.12855023581767
0.03529263186464959
0.0026164280272951146
0.00463229833621881
0.029450423609659993
0.09267098806219565
0.01186433420002686
0.005900334932107398
0.030977726685591733
0.05414878356873487
0.21710119335057243
0.015675585912845236
0.07111636250886022
0.002847352869594033
0.004246895240612503
0.040885807978838784
0.04335770775367109
0.04632464367716693
0.0278944458202659
0.011660032275131016
0.1511033588195687
0.014095845907149851
0.0027100210459138907
0.0044790478370941855
0.029560559022570487
0.0245267151178723
0.011542148188482315
0.03140393692206089
0.018084914887481318
0.04069560512004955
0.003957222644885405
0.0039948246052290415
0.023420303928901376
0.018256065147170375
0.016443329869048284
0.036161649539280916
0.001327531602782983
0.005580748350325848
0.06858715949772431
0.02799235541147027
0.004476366141147992
0.011571730833338734
0.028406899722540402
0.04875280376779756
0.061095965656136286
0.03273322540439949
0.013726814966162237
0.015754924460452457
0.00350264553605939
0.1309982292117411
0.0037408930310220967
1.3668886708728678e-05
0.07003035056482076
0.013425493236240982
0.045153693285556074
0.01827796889278943
0.019849771655458426
0.015337140854171594
0.025622066579899183
0.010013695548309443
0.015268433393885061
0.0038590248340142352
0.005724357010421954
0.0056956653284032654
0.009206050422221779
0.09940703655638572
0.0055450780699857205
0.04116581935443264
0.016395619575405362
0.0014126541634595924
0.0034758743971678996
0.0033064966186202582
0.03331426082240796
0.05411556455999289
0.010626274564970117
0.03655106864675872
0.016115743091859258
0.02957105889720424
0.01368596524844179
0.003099586887969963
0.015941202075396177
0.22481324223883803
0.023850143110166755
0.01572515506916261
0.024658005397554916
0.13432975182877271
0.023346446794334952
0.0037012062372241417
0.1281060086018897
0.026868549198979963
0.0009290648166597748
0.03739708202431302
0.005699579193901627
0.019353667766836224
0.015241650830489561
0.0005161491808394203
0.0016559160849283217
0.01501695055651453
0.019008560493148252
0.00026589223739392764
0.03666507067418934
0.043689618589496604
0.006153400420316757
0.08769787314349742
0.03762086243330032
0.0023693212334592317
0.011227565772969683
0.011179480139276166
0.1995100800622822
0.045481764199280406
0.05015887605077296
0.010754850749435718
0.04721965567296138
0.05885590063633117
0.044852955281271534
0.011095498969211803
0.01892647797421887
0.16236360461959976
0.006632748208744488
0.008052006313391757
0.019181324567057345
0.03155011571573141
0.010021408826332845
0.03392274739860568
0.13305118500932167
0.021141733347803893
0.023755964641736682
0.0033635502711604204
0.007830989740568839
0.01136424587627971
0.0033626386978085065
0.02031268261760033
0.2518715921009971
0.01695940838635579
0.032335413153646186
0.024434337446450627
0.021218197658413374
0.05120102987109476
0.060914923699783685
0.0038283553776636836
0.02390696136205861
0.032137920148215926
0.01195809125181313
0.008111175538488169
0.03233843813734438
0.011661067043405637
0.05318352590097675
0.031154049024848973
0.014436515301099462
0.006008793583987426
0.004377024548489317
0.05955078019587745
0.07760350771388858
0.011731179362755029
0.0686270068902104
0.09624250808860779
0.006395396461812197
0.05370384374657533
0.05032482766512203
0.005375289771563985
0.015622184533981454
0.013393554606068392
0.0027667440971299584
0.009324609796522054
0.0029444528481690213
0.03313978183166455
0.22119001677208416
0.00015721308557203884
0.05646111108046625
0.03491215935650871
0.02056306242741357
0.04659876377013461
0.10551131084253029
0.008646386451346189
0.13855153453800995
2.648544068506453e-07
0.019342099001619317
0.002142435816267607
0.012289924849142153
0.022535073889912383
0.0009595674539468746
0.031328066933724585
0.005258598785303548
0.15369144284011327
0.13576558341810596
0.018945627813764077
0.057810371854316145
0.005260451987737724
0.06675353321088551
0.0233585105347629
0.008349717158353087
0.05181598978083457
0.03848412290790293
0.030739918895278606
0.13622121103469453
0.00897286612712378
0.0461797580117036
0.010852261963577803
0.010414638908741836
0.01707878087336212
0.00029671281561149954
0.020701771596804974
0.012867132238852719
0.03913949805360062
0.07845390699799282
0.03676136466117441
0.001999594303470076
0.03836408044116979
0.006070251518281111
0.00858314428489848
0.01798920869180165
0.009180765882319974
0.060567693437178605
0.00031236264169365313
0.006228226519056079
0.05574605409378819
0.0032497000001967535
0.0031382583738377434
0.03842955785319191
0.10162294623626167
0.03468058837268018
0.015534203829247417
0.027022860555121042
0.005616159641931517
0.01259143382367256
0.005253502338518956
0.0018695075559662655
0.00012192248891551571
0.01644272954592907
0.013159749879946503
0.0013131626011499975
0.007155896175504495
0.07247872619620921
0.005333927640094771
0.13619818407619277
0.06459337877947746
0.015295959967033923
0.02756973704322263
0.0635972731813581
0.03227583365139708
0.0063223261425946475
0.008879867129508057
0.022599101692208023
0.020507810098592927
0.1794153184780498
0.0241163519139036
0.04588915582826303
0.0001340260240567659
0.003242977530931057
0.036449306709869234
0.030103527922165085
0.0011512537233784315
0.0049962710745603545
0.005496665429859604
0.05576111333095923
0.04351098521203767
0.00374444691192366
0.02581729691974033
0.030924004141525074
0.09388471744330218
0.013491918753175014
0.010081836583708537
0.05088907245385599
0.02303341157073646
0.038401740941139906
0.06798883175599713
0.01835277685404435
0.0047983724631421865
0.03635744065070412
0.0030474196375962492
0.004746803429156898
0.013147170852789714
0.002107669046836236
0.08607822760916406
0.12361615236807211
0.08077623975441384
0.022342514512047273
0.00010083255438075867
0.02592549212738504
0.0336221474398144
0.005868545821840598
0.06604486420189914
0.029691926222767506
0.020045725108502666
0.0033839579116374807
0.007409829034259019
0.013709915538584028
0.008245632276270953
0.005329780660758843
0.005779676755878427
0.013827840555791227
0.004541814764479568
0.0347845678976455
0.0062211236913753964
0.026688038032830264
0.0037292150404937274
0.004648292625688555
0.0005895220805314239
0.0995968787279935
0.030907865748986296
0.005606223970062274
0.007606073267652391
0.02462875770345363
0.04084712850976757
0.002644232384341194
0.009284875115440627
0.002843428025016692
0.01752985210453062
0.012594081029419613
0.013878460550813543
0.009523939690893712
0.017586515749712817
0.032012270262725906
0.01030931780633182
0.05388824237331846
0.02321983422325502
0.07752676515156054
0.0021619625745188387
0.03795434018911692
0.054337097949087365
0.019210850220247266
0.0016308761360050994
0.010954352494763953
0.08108910128271418
0.018947219813526317
0.01023769537005137
0.0028502827053671353
0.01587173484995219
0.008060383520387404
0.0002072512545510108
0.0071074886059250275
0.023146349573721636
0.00789808580952922
0.0034433591202969183
0.00888103615716318
0.0005806270286257131
0.034776154927726566
0.009202288693472838
0.03085979529441829
0.012188357201011968
0.016286102080584897
0.021372234046225458
0.01578533073154631
0.0030783714491917635
0.05953619601507398
0.006435638636503427
0.015776021510987448
0.01736251399916
0.01332533805566527
0.06202611200649244
0.02565003860718207
0.03460604327995043
0.01913093448604286
0.022931222376428195
0.016624050359041576
0.023087906264777303
0.012948752661031904
0.01147810750796907
0.00047646066127526865
0.0010095886243561836
0.003096328824426564
0.00021551327313318325
0.02594613665041834
0.08561708199624718
0.014643083216583364
0.001226171997586789
0.11556555973618288
0.1729443426530679
0.019912060598926473
0.030456836910161655
0.02631633791816057
0.07563872436276142
0.003328204684976299
0.04653406818306394
0.003992849021528855
0.10059371403235673
0.02187063048256732
0.007784000091191956
0.06285982306962978
0.05473852991497097
0.020008649739452267
0.016084351324593626
0.025458629392346666
0.005506879496124384
0.013137403426981109
0.005252487333791578
0.014165004766709899
0.05882388294753582
0.019701363477111045
0.04494359257762426
0.009257232578534058
0.09752013087529576
0.10925604653789378
0.029527601440690887
0.029553221179412503
0.01186949379791713
0.014302694973935104
0.05356064469845023
0.033984631919338426
0.020941351311421386
0.00020364222712032642
0.07634550250236316
0.001986882622077246
0.01618470583218823
0.046277272633915345
0.016032842805088876
0.011755016092479309
0.005939859971590522
0.009302422572318392
0.010710433643453143
0.04921142850707838
0.04032039232401985
0.01973882775337188
0.007207492733300569
0.0003165648557796885
0.006810945945403546
0.0008962645454175799
0.0188838198372423
0.012836229906156404
0.08674884561401086
0.0033442386767319476
0.023652583644661718
0.04582249634620439
0.11735948386137807
0.017557247567083323
0.010890116876907996
0.008992196588906154
0.041637375650566355
0.002918501855788236
0.0215553443247245
0.020548664244074644
0.008200382399309092
0.023582428436270675
0.03645896257046388
0.009334538753591914
0.09947760335933253
0.040413111430666504
0.018692804556962983
0.003520080145335669
0.006861438904934403
0.015633592630365456
0.00030947513187129516
0.02063924892183877
0.013382242570060043
0.0088800970157763
0.02251086270905489
0.09984668659251383
0.03345288476350561
0.0028524799004117085
0.12415455350173943
0.04267710588533191
0.004800394773610606
0.003259168303770821
0.009749859627959268
0.3887079629780601
0.006817247985622998
0.08448531702867967
0.04812905882886298
0.07313218163471902
0.004188736902165147
0.01980274631739576
0.023299774757560954
0.05766871404932772
0.14058395627523623
0.06150347630671149
0.01236695169734503
0.0041290865723340175
0.0012294047968453015
0.01385835245173439
0.006221089728228435
0.02149395087974426
0.07430985373866861
0.006009716289213429
0.008835768386347809
0.024961948963664327
0.00246068871672378
0.03385127790045317
0.07221500173079676
0.2617714610746589
0.0014675182637802209
0.0033062520420799046
0.00926878674999898
0.0031185933780761843
0.020391865133660758
0.023053068119679665
0.013147723937208866
0.06400384789242253
0.008332966513194151
0.010334545796581551
0.016011105628535915
0.006791668978507914
0.000970784378978351
0.0746358412607151
0.009494589057339908
0.003911182391902912
0.0010052414943402255
0.007311210106195176
0.052936698339408395
0.0008180884738067107
0.006853265179756818
0.028053175280888354
0.050883699070709554
0.06973905328732144
0.022235819287971026
0.02581552152162203
0.008281243439910213
0.01621588729119594
0.057484279162167695
0.022132030406737613
0.018653438146088774
0.0314735358630287
0.07920428601823915
0.004928399791879201
0.009680496333203337
0.0035830941466201693
0.029608348295482756
0.0031065630482771667
0.08009536904626202
0.23321157741781917
0.027745169512513712
0.007366561665548943
0.004319992636851566
0.002283225462520022
0.03622341570178378
0.04628741184660612
0.001515002689643552
0.02734726917367425
0.019872183106031116
0.04019763693895584
0.02515430805226515
0.03445418378225895
0.007580685377547525
0.015326628439311207
0.0022182106470154395
0.051836073158938234
0.04235435792577391
0.018349668481050685
0.04006374742562002
0.0069388665740461875
0.007274126133893333
0.0163365065477592
0.013414798436087949
0.025750517427240993
0.0060152909262569665
0.010724463433234632
0.006680778098711926
0.005803084466379005
0.15132343718528318
0.05300568603161082
0.00474745313351832
0.005003674240924738
0.07092203435024658
0.02202777859974958
0.028675318099431024
0.027427643299347437
0.021320822331972522
0.17382078023956637
0.022499551946680185
0.04794845889819044
0.016641295763179187
0.010094273941376741
0.03114694633018189
0.0033951155662634847
0.007069143352168794
0.003191794492977351
0.007436699619802312
0.052002636567408445
0.002912917237381407
0.040202446613307075
0.014104048227750354
0.011743774148726516
0.04998994677248447
0.07228510478500993
0.0194547626002759
0.014150791263205065
0.006520992656760427
0.008401746854815428
0.008254855740233324
0.09066985896652113
0.0062286643702691435
0.0018629305571948862
0.2585684641305761
0.014117907039576494
0.010049259587617598
0.03980502813078601
0.03210662164792666
0.0025061283737386475
0.054098908246828614
0.001003869351393405
0.01760302839693395
0.18930023539417107
0.006440459518444186
0.0038820912254777795
0.0050204203300836525
0.045928247966685376
0.02509264716263715
0.06877377444288868
0.04345304105447667
0.024771897985829128
0.04626756889160788
0.0019689112999685676
0.0013303157991231274
0.009429057579950495
0.003165896826885728
0.019504783397223946
0.0672293825974748
0.003890897702717666
0.004481922157197005
0.00376616631615434
0.14991659931683898
0.005846895415857034
0.0533706986703919
0.004851525965932524
0.012573847816270245
0.0013215302179787614
0.033545899497426035
0.007761543162359885
0.07314340561310928
0.033854404434009666
0.0007733854133675777
0.00020825226363285765
0.003465555808929821
0.009856667383246531
0.0034588030400755088
0.007781332772424321
0.003858356421346798
0.002440274910441076
0.0012389469587787971
0.02500524306344687
0.004521496681377357
9.05945319118473e-06
0.07830127744148285
0.014809578990252703
0.03485945100499066
0.005956222498184616
0.006742573526935303
0.007295755209952404
0.022492322368066198
0.03776277072608991
0.03541708689670031
0.0179256911143284
0.019326760421677136
0.005819238928097548
0.01845602042169503
0.030930749276535607
0.0635839599284509
0.021189340310911575
0.008267548154549331
0.02895047050969879
0.013304083014759271
0.020558375654104566
0.0007594984144816408
0.045204600200804634
0.007304178259573746
0.018820242344418148
0.02982280521132452
0.008439087495275999
0.05430188435616401
0.0041161219165815055
0.0014647726274006345
0.02259506984080417
0.006582978673122852
0.007983273245486089
0.08815752292866819
0.04105190078757914
0.14408466404938736
0.009607050528074979
0.013250550012458007
0.0008115906798593642
0.0028149507807029295
0.02875968473881585
0.002354404541506483
0.03520135756605214
0.01546465319370327
0.032846220072201504
0.0017230898787374826
0.011099066446831785
0.07821870946906984
0.09825914748137166
0.040535232075853855
0.014825713246750638
0.0038403674062692517
0.0003560203329016076
0.043478748374809584
0.0002468537581989949
0.031527414400898124
0.07270069818116554
0.015247532627995497
0.018962739784797122
0.009980261969303683
0.02812296877937115
0.0008979763525758244
0.015268814111209394
0.07966202935347155
0.009038122118681713
0.004590155452660838
0.028078982030820043
0.024836443692947796
0.00630129127807777
0.012936360277649328
0.0064056673213599424
0.022564241347708958
0.003681010164541476
0.052818875545085575
0.013308799789001569
0.11841585568856772
0.023803256223231983
0.01652007119719201
0.04023028278413676
0.002425185296260679
0.010152617037874734
0.002003536339884704
0.03238079996174292
0.025088557682011015
0.0012407396291109762
0.05055282414446083
0.022268724300374743
0.03991018354770404
0.0626197886550699
0.04639031620888545
0.019762658779541198
0.0014636248247370531
0.028835271420007302
0.003508617099782896
0.09305974152789531
0.007862673747581539
0.014613574605505164
0.014532230736108431
0.012098928865157177
0.019943187691183084
0.0025631175803937367
0.0036214435954207147
0.01704139832531837
0.04528792475764476
0.009300381520688461
0.020331593335413345
0.015516921086259572
0.009716527640421191
0.0015605608473379107
0.036153781753114345
0.03637364589712888
0.06789011215255414
0.04558677151351276
0.001536710851269163
0.027436818747446523
0.009331423615549284
0.0011474397034589856
0.0009828040959973805
0.004872768087011536
0.0007776643375336789
0.024578779167768516
0.01209568750471135
0.00761065853873788
0.003945579597711912
0.10360479017344915
0.02549797771825979
0.07598556429979908
0.024103521167830877
0.02305422729705242
0.001778072243951101
0.06336795818947394
0.015410837814556544
0.0686754616555163
0.026292775081401487
0.00864238546478191
0.08113792098993144
0.014928952373452375
0.07097147541003324
0.002537089957968419
0.012939108248360753
0.06814039478217637
0.012631390469664439
0.02179226472958362
6.635185172854108e-05
0.010747750920131693
0.013109001499174155
0.018007672711519263
0.01940464458493807
0.012445818275637066
0.07445760458620043
0.005983812725844473
0.0010009191265680784
0.03017765671597772
0.002335969202704291
0.018098652130333903
0.0028281647322501158
0.008686667036954532
0.022399303420911565
0.009055577141225513
0.022057064049363362
0.018508802537439806
0.004716518654390711
0.0003140141961921472
0.022225460360800753
0.004474610456327355
0.0031063918479503627
0.004618117441509639
0.003521987673025251
0.03967087322803309
0.09815933720176417
0.03631991493557507
0.019184340325637095
0.10468569676106654
0.005686141692876845
0.0558289302018693
0.008322623622461833
0.0014080131693390285
0.048074017152771376
0.016788749035754336
0.0004937867443004507
0.01162842150074539
0.03470774092284046
0.0026433732510895425
0.029531966303466106
0.17274218365457727
0.005521232959949884
0.10094014090987002
0.05972349552519063
0.051776683104094445
0.0028176817082794514
0.051895645544163926
0.0653134895369476
0.013198208958101532
0.007205944544580234
0.020062084348182907
0.011260658354785846
0.029675306400008594
0.023801689064043785
0.003504872429630268
0.008788520912275999
0.0012714567671991972
0.014310271681210907
0.013842176349953661
0.03273892018762581
0.04709897937448204
0.12298222289007299
0.01067270189298597
0.006816347261860756
0.04875510266401761
0.049893820965166924
0.005408798614098487
0.015179930536078245
0.0183657699089963
0.004210613404552532
0.013935645311676126
0.011814346876121817
0.01923920466049367
0.0009236006043238376
0.021544607612099753
0.10749922954619251
0.025903457623485338
0.008464142341608749
0.026860648955789657
0.04393131350900603
0.05120720803449785
0.014924481169714454
0.0030255442974294056
0.0014717527276388864
0.03281293031113819
0.011826110225797493
0.013409996882501218
0.005174724670268915
0.02849774034996244
0.013548907320341641
0.01691087839606098
0.0023598357693117578
0.012145999138510888
0.03262423748265064
