duration
0.03914262201325968
0.017758591468029147
0.1317038104407789
0.09511830466612003
0.0038533067072782368
0.0437917750193082
0.007218723135052452
0.009737241173192857
0.07302085256920021
0.002829608627499036
0.058654098266530674
0.04036939532593431
0.018188888465606734
0.02706188354251826
0.004821737948925264
0.2597451952757259
0.0998684137473802
0.027443687647084936
0.016572399774548163
0.07412177529222896
0.015632469282566674
0.055324165417198756
0.031144313231999288
0.002615599603358554
0.007639467693212776
0.16783667036889227
0.10313647971607276
0.15228815824987052
0.012206185299330485
0.020187013110749774
0.03264378448172511
0.002102567084175
0.007972874860588952
0.01699544466665781
0.04081409810709591
0.01732707846867143
0.0021507269916529737
0.06286474222565719
0.010470882117579627
0.034920048497392386
0.04876807077237988
0.002752427579941319
0.03295647204698415
0.22466437251733673
0.19193141678426784
0.017346425851882508
0.00016028322414651797
0.01722336086330145
0.026361654585466354
0.021729933732156148
0.008225450787670674
0.016868392304671964
0.005596770413092145
0.14334508915890254
0.003207347462906185
0.030939451752743707
0.003551399317551329
0.04141359326945704
0.01641298271526992
0.028724745195630064
0.011188450463716748
0.011232724386351478
0.021572011242422917
0.04090560645985519
0.008262192364451693
0.12046861773478135
0.011521424495322563
0.2373336259496135
0.04405005559339337
0.04190706302071234
0.05896856817446583
0.02200744304177782
0.09780721068961817
0.23537968825220368
0.06092442870311565
0.11152765708181533
0.00030215690715706955
0.02193936929256779
0.12519271218242167
0.0010778466417473709
0.06563540626421727
0.027798215849848873
0.0017861698417558358
0.02829892880137841
0.016421527063220864
0.0009520392593458382
0.35604580708750433
0.014779097394278295
0.015627761718137734
0.014582162395150533
0.07773180152822334
0.029399439194802923
0.10976971165366045
0.13832887844294461
0.001267936727650465
0.03838166334137583
0.0031874258199806604
0.014043295523951116
0.06353432659642522
0.008833268626936785
0.015875999654447526
0.01592232207512012
0.0034759237883541516
0.040144918208604
0.0017344033755435362
0.019493705339520773
0.0031481598916691667
0.0039992683844864985
0.007550899804265043
0.01057362232234027
0.026472501127219772
0.047679186417855846
0.13048913978018817
0.00829262370799455
0.024549894592311716
0.007264916105313546
0.03955941307049571
0.057785831930821985
0.0895534093559327
0.021827477203675727
0.010704808916145225
0.02212212226623933
0.03042034800587956
0.007584107692974129
0.12037285614946569
0.031238578116564497
0.04928568227768437
0.012063966583166774
0.10591527984219695
0.02843049982615753
0.005177136565450269
0.0011983076451329566
0.015575222758176466
0.08365016541995374
0.023684559520425807
0.0015131634465426202
0.07668258655192162
0.1368563956444966
0.06731506096996753
0.0438040149135297
0.012449744058283585
0.20781297264794318
0.04014943067615917
0.030693507023840993
0.03246304642585329
0.1412862433795361
0.04776458436019837
0.0041594133509299525
0.03678802004555948
0.04704842066463755
0.12589268448813584
0.03754564887715617
0.055986175354593826
0.0010019053655625498
0.031104780089972195
0.09941460808944313
0.021706779657243658
0.03399094356764465
0.01765392051230208
0.1375918033011061
0.04198087080319013
0.01168161156217451
0.00393462389950372
0.006457599820780757
0.0015266655400196782
0.02400843987212653
0.0030828094944972406
0.023068223244887776
0.05106290440490824
0.004988233314197288
0.04857753709769952
0.033657465890389204
0.01711419435929784
0.1991552725773751
0.0009663936759700675
0.025838229253526634
0.023040173036864786
0.01811236070724931
0.0010713216422217897
0.006261750270553534
0.08945484723126285
0.001818909329280416
0.04509433807849561
0.29282206726648496
0.007046472876279353
0.012086533566236568
0.010597696436796866
0.221313444306233
0.01441941735000185
0.03316247245462378
0.08842358701208752
0.3774784858053124
0.05398314210086852
0.06780328785260537
0.03183073697667993
0.005737816862286138
0.0078091501774721905
0.006092366351637679
0.03825564203420839
0.005481590232918165
0.00934850114170871
0.06984081499673067
0.014204660393239976
0.0024988442843820735
0.0015740917384690079
0.16976935483955202
0.4012949740036831
0.024250299615921733
0.022250430468574223
0.10601870428571658
0.011302822466596751
0.0674368629225981
0.06539180741889794
0.00219531410740359
0.08819639094578235
0.03939517697400419
0.07717273290623439
0.004237779436678579
0.007461593998769445
0.06312022180718913
0.008138769682162206
0.0020275043250350677
0.053003780620294094
0.0014284440532676967
0.017645654854369752
0.020408589470484628
0.03659283590261708
0.4209973011533634
0.2853388204434353
0.01686192528324426
0.012081446820218389
0.1611915112904967
0.03179563111534378
0.003865430827573846
0.026950012397179535
0.01559818005484459
0.000609050439635439
0.17332343914866755
0.019967787702107387
0.05243435403516372
0.005169183580818526
0.018402371912131343
0.019887335575340614
0.22186653936185508
0.03770224137764444
0.17036268483983008
0.003300962610261138
0.01899909283244483
0.34264254358947
0.01282301626431348
0.041673233903871676
0.026016664596937744
0.022528148919676028
0.024288687010518117
0.034551926427141666
0.0022259616737585475
0.002308771623752648
0.22763644475512024
0.03661122903598368
0.008985018590728089
0.08884483741001503
0.009089035725445171
0.002999274687823572
0.07051344901465484
0.021912333018903496
0.05796590069082441
0.031599804589383496
0.028620944672184123
0.025066398653947886
0.034408242142518475
0.1146389239090766
0.08863322990132616
0.00878960923017047
0.0007771939651846083
0.09837124456367974
0.045287273391828364
0.005859661192978649
0.0150269662384801
0.45752186047483434
0.0015248663336748791
0.015123144818055323
0.0017406407522884138
0.055611769724869475
0.004717710365433447
0.045863905343594524
0.0027091232375155982
0.05370888869119739
0.0009548677036974595
0.026341381590953006
0.004177875627512151
0.06196115070513031
0.0034599344152610456
0.070613017479765
0.07588602673389744
0.06769382033606064
0.003865635827835945
0.009667412498728822
0.005482342760863901
0.01209255332769743
0.0204487123806274
0.0008179502860699017
0.02375661136631635
0.023050950633638934
0.01479319317220984
0.0005735718329162864
0.005216136724278897
0.014437632984197535
0.02811372480161367
0.011745353489992283
0.032551374127258725
0.012707508267858714
0.0009289064171511541
0.01018056811454926
0.0579275529040828
0.07655309566122526
0.03621408508769974
0.0027260030686662162
0.036433651737979744
0.0130040505832838
0.017043538484195153
0.48257303800651385
0.11586264856368444
0.054251240589785255
0.13559604367902267
0.03627808650566777
0.008542522937872832
0.005235304966781484
0.030389492808936325
0.0025647855740587033
0.01852044202793479
0.0074125551431265535
0.032155854252906124
0.11134519288030731
0.03228272032806956
0.0024355231866124427
0.0359901969043932
0.1332966641873341
0.041533737882680555
0.005139678269465264
0.11723889462992787
0.01106894605214137
0.04625904552896998
0.0013528098794779453
0.22350193278359853
0.014407884111690805
0.019591268659645777
0.06810251807597467
0.032721261201402285
0.0023018442544966433
0.025179987551808836
0.013203082407599709
0.029256160197419945
0.008258472134755834
0.05449054505211848
0.11076232657163132
0.12343144416472285
0.1320157706863796
0.0012944347237393572
0.0606734996674092
0.044755657459312204
0.002978421835223344
0.08553321827280769
0.09972878506656002
0.0026946350562297994
0.12017429377529254
0.005939174408567283
0.17034842060319022
0.06127296143881722
0.037526059084768804
0.0009650493267656657
0.03164301586856766
0.02414590021473373
0.005396581234563769
0.13258804060804152
0.114282575480388
0.0006849137494668867
0.12334723631042266
0.5044778887528736
0.024501603613572343
0.013706564734675908
0.007654506077471979
0.003749587198015547
0.046186384745226405
0.010409944603509302
0.09119987117594519
0.013817879807348277
0.013033989131869816
0.02896123319951016
0.07328978525669072
0.05888166490727542
0.067423554846755
0.021433085859356993
0.05301630699720761
0.09547144513696537
0.0010801278984189366
0.24366721942031688
0.04727292149573259
0.07719664659711611
0.11635296083453284
0.015215104213311292
0.004920274585586526
0.014263931111699435
0.02863075545675997
0.009499564438698371
0.03409868859698406
0.00982939639195024
0.0034380190883922523
0.012916688893497508
0.00373361597966948
0.017422788605443884
0.08229614594227996
0.04140407415172831
0.011317542659909918
0.0020717791058615376
0.11970194258715594
0.005117828479228592
0.027477493968078193
0.009508369788136406
0.020894301124798176
0.0026637004221328198
0.0033261520623568686
0.0023320956977244123
0.20067188496042832
0.011450342735159325
0.0041533899118491036
0.07113847057297562
0.00903284267650406
0.00614252153917505
0.021633559993347262
0.014088608108409062
0.1582495775062256
0.016238842433168088
0.0073749074104654255
0.05821995804974733
0.46587613190810373
0.18453792060735452
0.017667473639960463
0.0018671092985584892
0.19843521322512458
0.09249776184297787
0.10189489775170557
0.024769787171862845
0.012744667243381969
0.04898923341714578
0.025054474894986356
0.058721859317145686
0.05531026388489124
0.004384015838155619
0.04537095685350323
0.03378593757695114
0.005715670643127169
0.011292630800411985
0.001455012367145514
0.0023721245217132036
0.011850769784985005
0.0091102199940849
0.006531093072410954
0.007278126711213417
0.03169746405338003
0.03567375463899225
0.003433949846439077
0.04456870063403073
0.05492847982428373
0.004056270719814847
0.015395082877532218
0.01949188955599368
0.09985432255243154
0.02478686825911325
0.0037264172789974737
0.15167298611493152
0.03283437754770091
0.012177306796957055
0.015200845083299441
0.007694162146549388
0.1525103561081238
0.02152643379707797
0.011365668810995544
0.15059549196605815
0.005904921483377734
0.12179820250919704
0.005808974206601647
0.02432350931697158
0.027782861312161344
0.03664952908272312
0.02319049383928018
0.19762091963357875
0.0003896556946756391
0.07996804922809986
0.06511608939645441
0.10802844283821855
0.6566344358407861
0.2115338744984001
0.04793857730339823
0.024557811310785382
0.08416020057035212
0.007045093917895429
0.0004343618261231086
0.07249498985734704
0.027494462097777728
0.0018860061035468334
0.0008403401697165691
0.054325503776667006
0.024847700057193833
0.005724470980723595
0.0011245556496533027
0.019583593144744782
0.011056109215985543
0.07795075595034007
0.0005029120115978003
0.031236253725637653
0.0121912545238132
0.03052060583964078
0.4920334521639944
0.1746848633091389
0.0030087958983813223
0.0012114910338709706
0.05776814171709077
0.11193031487817962
0.014806275083216747
0.05699689229220439
0.43332438303445997
0.10741323685859072
0.03044590558135951
0.002923511975794213
0.019605568359594372
0.008472261461449193
0.1482517024522565
0.11659524817667943
0.3316573053859173
0.011864694573148427
0.008709717766947733
0.061802815955559254
0.0010482038497343638
0.018355279456031326
0.01934157977430573
0.03530116906517833
0.014572824350153724
0.05434064433866581
0.007228312351912791
0.05836392469949203
0.05186470680659738
0.06120236037072857
0.0013686075142800291
0.0025257268796394783
0.002046152494983744
0.010025092630243648
0.05268978345796427
0.058691265332100784
0.024816827987322654
0.0031459902232171544
0.3578085121687593
0.016140716130607302
0.0794783768428573
0.16379331980428447
0.023989583993454744
0.114218090147304
0.1458877369169045
0.02173499798156797
0.03433541391305539
0.032326822678456324
0.00740971361865661
0.017532611579540003
0.02149262658929274
0.07330919491360532
0.014789173692420832
0.011366275190908937
0.2876723385490578
0.015216778862665592
0.0003287527957098746
0.09031806920337715
0.033005284784593414
0.0023575757878262493
0.042159451899749456
0.0030817000997416244
0.010565983549213342
0.0021733328201776203
0.058141536750071054
0.01531959395495619
0.054407291095088794
0.01455614648169501
0.022691545079723596
0.012990202300130704
0.03224552148287785
0.008531864138888068
0.05715997547866891
0.002089393526730987
0.11244387790408439
0.03989096514797552
0.008110922709519741
0.05031025253038024
0.012364816385115773
0.011279641166140664
0.03285956088799935
0.04496194068852333
0.04013586931471025
