0	0.232046213894018
1	0.133078563402332
2	0.0892870648463062
3	0.0650521261795261
4	0.0499376020454497
5	0.0397611178608927
6	0.0325299206242334
7	0.0271804407083717
8	0.0230969626710091
9	0.0199004132664591
10	0.0173458294384219
11	0.0152685800825164
12	0.0135543702536608
13	0.0121216489316917
14	0.0109108501755775
15	0.00987757553782779
16	0.00898814002679112
17	0.00821658390846219
18	0.0075426206233149
19	0.00695019813759856
20	0.00642647158022129
21	0.00596105732957958
22	0.00554548327821223
23	0.0051727781338534
25	0.00483716076233317
26	0.0045338025166897
27	0.004258643493627
28	0.00400824910343227
30	0.00377969710322519
31	0.00357048788160755
33	0.00337847265586702
35	0.00320179558890077
36	0.00303884681097412
38	0.00288822404943145
40	0.00274870110184741
42	0.0026192017862929
44	0.0024987783029464
47	0.00238659316988059
49	0.00228190407104914
52	0.00218405108982024
54	0.0020924459065176
57	0.00200656262071819
60	0.00192592992380632
63	0.00185012439853915
66	0.00177876476320743
69	0.00171150691063808
73	0.00164803961854767
76	0.00158808082901518
80	0.00153137441207208
84	0.00147768734246942
89	0.00142680723020371
93	0.00137854015486908
98	0.00133270876169332
103	0.00128915058361336
108	0.00124771655913243
113	0.00120826972019393
119	0.00117068402806691
125	0.00113484333839777
131	0.00110064047926311
138	0.00106797642828965
144	0.00103675957681582
152	0.00100690507070751
159	0.000978334218796848
167	0.000950973961112896
176	0.000924756390077522
185	0.000899618318696275
194	0.000875500890534972
204	0.000852349226908421
214	0.000830112107272817
224	0.000808741679273048
236	0.000788193195356551
247	0.000768424773168773
260	0.00074939717733138
273	0.000731073620423452
287	0.000713419581259221
301	0.000696402638767649
316	0.000679992319943936
332	0.000664159960533961
348	0.000648878577243608
366	0.000634122750384212
384	0.000619868516001702
403	0.000606093266612045
424	0.000592775659768416
445	0.000579895533760184
467	0.00056743382981004
490	0.000555372520211038
515	0.000543694541874572
541	0.00053238373484427
568	0.000521424785339203
596	0.000510803172963404
626	0.000500505121723631
657	0.000490517554547405
690	0.000480828051026832
725	0.000471424808112929
761	0.000462296603540257
799	0.000453432761757804
839	0.000444823122178229
881	0.000436458009562229
925	0.000428328206374027
972	0.000420424926965523
1020	0.000412739793443214
1071	0.000405264813099689
1125	0.000397992357296119
1181	0.000390915141680265
1240	0.000384026207652981
1302	0.000377318904994289
1367	0.00037078687555971
1436	0.000364424037974473
1507	0.000358224573265153
1583	0.000352182911347908
1662	0.000346293718325171
1745	0.000340551884539224
1832	0.000334952513322597
1924	0.000329490910397927
2020	0.000324162573902646
2121	0.000318963184970746
2227	0.000313888598856599
2339	0.000308934836555397
2456	0.000304098076893671
2579	0.000299374649053679
2708	0.000294761025513956
2843	0.000290253815369858
2985	0.000285849758015587
3134	0.000281545717170793
3291	0.000277338675214766
3456	0.000273225727831317
3629	0.000269204078927763
3810	0.000265271035817242
4001	0.000261424004653194
4201	0.000257660486098681
4411	0.000253978071212065
4631	0.000250374437543662
4863	0.000246847345422574
5106	0.000243394634441403
5361	0.000240014220096886
5629	0.000236704090610316
5911	0.000233462303895021
6207	0.000230286984670152
6517	0.000227176321718434
6843	0.000224128565274829
7185	0.000221142024526067
7544	0.000218215065247229
7921	0.000215346107534966
8318	0.000212533623649666
8733	0.000209776135960024
9170	0.000207072214976549
9629	0.000204420477480928
10110	0.000201819584732771
10616	0.00019926824076375
11146	0.000196765190740648
11704	0.00019430921941118
12289	0.00019189914960564
12903	0.000189533840813228
13549	0.000187212187819977
14226	0.000184933119400585
14937	0.000182695597068752
15684	0.000180498613883734
16469	0.000178341193300779
17292	0.0001762223880824
18157	0.000174141279237352
19065	0.000172096975020065
20018	0.00017008860996395
21019	0.000168115343953584
22070	0.000166176361341949
23173	0.000164270870090374
24332	0.000162398100960457
25549	0.000160557306722921
26826	0.000158747761410366
28167	0.000156968759586563
29576	0.000155219615661189
31054	0.000153499663213793
32607	0.000151808254359729
34238	0.000150144759128409
35950	0.000148508564876198
37747	0.00014689907571164
39634	0.000145315711950702
41616	0.000143757909588961
43697	0.000142225119795355
45882	0.000140716808421708
48176	0.000139232455535367
50585	0.000137771554966067
53114	0.000136333613869371
55770	0.000134918152307796
58558	0.00013352470284736
61486	0.000132152810166818
64561	0.000130802030683459
67789	0.000129471932189299
71178	0.000128162093503823
74737	0.00012687210413751
78474	0.000125601563967676
82398	0.00012435008292202
86518	0.000123117280679491
90843	0.000121902786381933
95386	0.00012070623834381
100155	0.00011952728378926
105163	0.000118365578585689
110421	0.000117220786989295
115942	0.000116092581405222
121739	0.000114980642145409
127826	0.000113884657202216
134217	0.000112804322030142
140928	0.000111739339331001
147975	0.000110689418843335
155373	0.000109654277150698
163142	0.000108633637484152
171299	0.000107627229534016
179864	0.000106634789273925
188858	0.00010565605878297
198300	0.000104690786078611
208215	0.000103738724951526
218626	0.000102799634808531
229558	0.000101873280518204
241036	0.000100959432264977
253087	0.000100057865401302
265742	9.9168360312136e-5
279029	9.82907022782725e-5
292980	9.74246813466017e-5
307629	9.65700922034511e-5
323011	9.57267340517756e-5
339161	9.48944104891179e-5
356119	9.40729294013527e-5
373925	9.32621028402623e-5
392622	9.24617469207455e-5
412253	9.16716817168727e-5
432866	9.08917311544747e-5
454509	9.01217229210573e-5
477234	8.93614883591604e-5
501096	8.86108623824314e-5
526151	8.78696833809198e-5
552458	8.71377931333005e-5
580081	8.64150367244876e-5
609086	8.57012624586277e-5
639540	8.49963217840287e-5
671517	8.43000692123126e-5
705093	8.36123622425743e-5
740347	8.29330612882343e-5
777365	8.22620296073568e-5
816233	8.15991332325829e-5
857045	8.09442408999084e-5
899897	8.02972239920911e-5
944892	7.96579564624244e-5
992136	0.0200140689664184
