duration
0.20300092652407914
0.009315913036984896
0.13921395161156744
0.08452434559182576
0.024230241160903998
0.014523172735537715
0.01289571740585993
0.03260008943840775
0.09593926247933382
0.04764490381096431
0.022579050866083694
0.016998838323928567
0.027265677185612347
0.025964524094007402
0.06425129575330235
0.026257692270439392
0.0919535073710156
0.1759651931251227
0.018399363506869548
0.035406836793214325
0.030815154532852773
0.06439677674659627
0.14820154257153106
0.2689885394166698
0.02918075311032986
0.07750194851796621
0.042020791639076904
0.03800725103005398
0.03644248116119364
0.5961271322298476
0.02310362201134808
0.10571898514288947
0.17856520892649463
0.004257687722105885
0.014616488047945353
0.01253189063501381
0.0007369567454986736
0.06050755544595354
0.01131850756226882
0.033486649390546575
0.011105289130934892
0.03405852305459334
0.19575478085562992
0.06248727488291195
0.03400445723034906
0.0034073693300058494
0.0059367331487116815
0.026537324668932882
0.05801789908291255
0.059449054490304576
0.02554167517003947
0.009500981051537849
0.03464861534181907
0.004328516664557469
0.15897646941765586
0.04325101724566949
0.06337022026915307
0.1013846967467984
0.11395197535003021
0.004945217683918202
0.04238689686820862
0.00905717528401695
0.13906382200923062
0.004076978253479524
0.015558173030374434
0.005175247263590421
0.0023736028137655296
0.08084824681600722
0.14253185034486293
0.02502128439038387
0.004043099930218119
0.0024166848197957336
0.024309942596751455
0.043529655727788
0.002939736311223129
0.0360789291102428
0.010230620836324533
0.3311576305323385
0.283758484690523
0.17133847138297398
0.12771919119749953
0.16345961333923498
0.04797431905347338
0.042591638277833965
0.050487155677643614
0.037046311214638195
0.08600451461198588
0.00815460047687111
0.0864741101924622
0.00820718110723817
0.00012472264314311587
0.013408004181350464
0.1465513411260062
0.0028786062544270408
0.1622937024320663
0.019473733081191824
0.008303531226033556
0.010103178774961918
0.04608436415578865
0.030990454691846026
0.013814562106212236
0.00877533638055894
0.0546609711845818
0.029634909443785773
0.0001543127270764444
0.20844930780304338
0.01697779085911577
0.010719590904059828
0.05670828017802876
0.004755893141286549
0.20635093982520658
0.17251858394713793
0.07013935188467002
0.10861542786910405
0.0033919162879527676
0.005654825239723493
0.019642045929955998
0.06078371716677822
0.008742851501935434
0.03031278403733495
0.023739174330529522
0.08754582651319254
0.05387225513361926
0.0012705902842995442
0.0017931322270783312
0.011092909223911818
0.057492100553261594
0.08135152457737149
0.03376071750066245
0.10067106903856171
0.0020654705953120356
0.06603252518638669
0.02168176360402896
0.022659490476200972
0.04436521385840564
0.14341339089283167
0.026569521966337106
0.09649112148689909
0.015777114550267868
0.011834915203642993
0.016495938939833366
0.028185768354482832
0.06959275946498167
0.0720518410756057
0.05650555868433571
0.010675912784293473
0.017716955678935165
0.21412061434838847
0.025770118973269973
0.00290621983276651
0.07008835180144501
0.046335167350221695
0.006481645418134008
0.0032799103503293736
0.004683001718888136
0.26781560900164436
0.29961026973590776
0.012893813548885191
0.054082328927407275
0.15192821192074746
0.055021407541516965
0.02807865114037611
0.015495146529687531
0.061525984721157556
0.0006653134063441257
0.022148516984501043
0.026586871518460953
0.08822846016360586
0.024926704366734498
0.014787468533143056
0.009839714800548904
0.007373343251430242
0.04838659417592339
0.10537606980311409
0.05503620510678786
0.10490045784315782
0.016791440060757168
0.015413891536297797
0.01910270658422064
0.13852768609433497
0.06923752615445267
0.10452346754313169
0.11712587779176431
0.05283242947969313
0.001422475712459459
0.10045865861334846
0.03310277428130348
0.01138053438812392
0.00890260538207599
0.05988402541834148
0.0641188770783998
0.07315892013427572
0.007584794797992345
0.0027767175582908976
0.07704833065051275
0.018131537832417166
0.0655020278431806
0.07818224625600578
0.04973546270562679
0.020090245823794817
0.04814654790081363
0.08343942561647566
0.0006638370720963849
0.006548808565199238
0.0036342680355545554
5.422564713342126e-05
0.002735755020367492
0.09377749415742187
0.03707616547811199
0.14219074102990703
0.007611408435934663
0.02382033370263059
6.43038030432308e-05
0.11002600788368966
0.0355522222632203
0.0007411984789200687
0.05120261307460794
0.10125858063966575
0.014087221794554239
0.03569318984676784
0.07100624976131087
0.021014818880033204
0.18680265564044873
0.24920105785970748
0.17689506593241333
0.08938511891840051
0.009188563527160909
0.14586856629185263
0.005358934511207281
0.006062296833675873
0.0035414042359320774
0.01791012600170916
0.0012981698431246969
0.22367035518929868
0.21564170674214722
0.10703326004464486
0.036030972212486745
0.0679602784423281
0.021981293296661875
0.02532387805665337
0.026704661171933708
0.03432874858592072
0.040539962065466284
0.19764714255124716
0.06201139597229144
0.08871342122588999
0.16288310743208
0.04779669770860551
0.04546138099112795
0.010262217260404327
0.020174967610415706
0.01916944229375872
0.007785598803835114
0.02800348905383032
0.032460098160370876
0.03643090856286335
0.06674761071865021
0.02682004653463821
0.048935490132478776
0.10980206779005641
0.03865617931454324
0.0034044287858421285
0.06134274550309726
0.003730848007577947
0.45794915450424867
0.022028601247157553
0.012056823519401405
0.11683889697603433
0.03327840501113144
0.0065710781451571165
0.05724768199659991
0.30626650859218785
0.09007760741046411
0.03200621392863923
0.02326205736630982
0.050478646038669694
0.15713956255072503
0.12379862353714088
0.004939913227502757
0.0024650144631266357
0.020022368734714746
0.007473608984867042
0.009984002133052172
0.06795471821467913
0.16506326315720798
0.04505398224972623
0.04470784276526274
0.013020934925066285
0.17846180333125972
0.11009628937199523
0.012914204330854773
0.01565079800045055
0.04690086878758848
0.03934563599534613
0.15408804254789743
0.024096063527821343
0.04954093838000517
0.053775417470689035
0.12592676991926055
0.19859219925160687
0.05178856385009567
0.01435650607976413
0.0046488797232768775
0.03196468115814355
0.0952993616385811
0.13060619609950663
0.014759786541333142
0.008715145483733977
0.1496645952816209
0.12951363787760783
0.014864966162861037
0.06110471417377994
0.0001213159958695087
0.08046892223026703
0.050299096145323574
0.019809818011196967
0.0390385256154957
0.023106872428229508
0.003125486886347062
0.018068849786772034
0.0964874129830946
0.010715001109645073
0.06492685528394304
0.020771481882519538
0.16734829729611533
0.04369216493626027
0.008835294616773126
0.112067887764141
0.11956705609310347
0.08750552016240931
0.033485658266556584
0.11045438673014019
0.12807293590810787
0.24121091299440423
0.036646960932586126
0.08316568065808383
0.03520637405111415
0.010575745264105763
0.015053342125384006
0.032278111975273305
0.2418132214025377
0.28834692583305355
0.0003276219119072721
0.051107546915375224
0.004275943748893951
0.03924786808372005
0.07357948580963125
0.1252569346483483
0.08624142175852967
0.0019629757887855703
0.24743779411048195
0.10822228259686995
0.08314773038225098
0.012921837549953352
0.0916555964317638
0.03913529068111643
0.04503922687226236
0.00431150454826934
0.008337876204393524
0.08373272395866138
0.030889325714070992
0.45155498350908374
0.0035228796953674646
0.011262780356446456
0.012488519190611669
0.007176033338168963
0.06836760700028321
0.021905925750075994
0.0066617019430736946
0.011118683563154264
0.004913142882543298
0.024254563969662968
0.02617054106389105
0.020668747663592058
0.010250592605842712
0.029929681052493606
0.04452426835666756
0.0150896308784354
0.0013677265418721163
0.01053154481155616
0.01906807350533768
0.008429867921563527
0.010976894164144824
0.1401694158461737
0.030095307665874316
0.14937694520745026
0.052579974586308253
0.13318389261942798
0.00046714715790585615
0.016216844221730753
0.024365494832949253
0.013936920495808636
0.008483945075425936
0.002528867510420696
0.0031743632500536023
0.0125715670596378
0.13627645687788004
0.05026571947766456
0.0025834268098208213
0.03294256875634005
0.014621385437408208
0.012316309560333139
0.10276504594014568
0.09002676557949485
0.0022725618857748486
0.010808638726473419
0.002222914673637888
0.024049944377253496
0.04319251848210115
0.0043950151027161155
0.005769455430964854
0.0009252556681929036
0.004973789862305011
0.10073036022336623
0.05444427188106715
0.020640426245250865
0.014338485236436327
0.046789319778952176
0.052132675764994474
0.031466662971894266
0.09323309319694317
0.06186370199225166
0.09485497976731949
0.12404532708919191
5.878644279277978e-05
0.11841558461117074
0.020879739305172507
0.002653382595099174
0.01841705096080659
0.01759753474661352
0.0006619051994789515
0.046907633746656074
0.18398755389142707
0.09082362942098143
0.03725011494697128
0.06003149032179067
0.054580849171003365
0.1901767787062454
0.04371395135345324
0.08583379655760837
0.061021407234960634
0.02250814873809759
0.00394698821199313
0.008059842295210728
0.19735275545195918
0.09402895370647002
0.0013306645201112133
0.031649821449803994
0.03962734757087105
0.0667097188045318
0.07730247754838615
0.03764180136275286
0.009693916281207748
0.0335815334497056
0.010907195544376691
0.04008741916180725
0.051901878470772544
0.030978000792117655
0.05458677354971542
0.027748758300731424
0.009501520545825315
0.3984448494585422
0.15899108303540288
0.13846064916995715
0.05353186860867254
0.44766436889347005
0.09569917455164045
0.0001860317294131164
0.1314355138408132
0.006324567986013108
0.13762876160365067
0.13260116204713768
0.01566164808653525
0.09742405698307266
0.15617763213086278
0.11096382003270833
0.08507452612309407
0.026852078936087764
0.023867074386657805
0.05609337488212418
0.005959858687276665
0.14472163124816007
0.15139511431382857
0.18770179741420634
0.017026099926852112
0.0046105710445942805
0.1011574919218674
0.026348862034865306
0.0012233133325025847
0.0025616873584226596
0.07446983109733196
0.12140885664248913
0.0833741080223831
0.21907032866354825
0.0014901141423990794
0.024711668395752895
0.08117316016694076
0.08007742256558004
0.04114250413036302
0.04621506789072782
0.07361736377058037
0.26715831241244814
0.0056722174709022966
0.03168982873083337
0.023187937333318587
0.07141385493534358
0.011137250289579015
0.06216820889085284
0.12253675818462284
0.02469869762560961
0.09229072035424224
0.19466839341492914
0.02044843814178421
0.009741091077017927
0.015329345691554863
0.028307016515242367
0.007170264763715295
0.01749432923099903
0.1310229155773186
0.015419728074107297
0.043061032176467506
0.015540886699255907
0.029431175533545684
0.1286241348958015
0.0890617324159848
0.19057360345948382
0.18335436627222634
0.005585990019142173
0.1344170468333914
0.011639753490840121
0.04635935550237491
0.008909965894360994
0.007063133431472579
0.011288749353809635
0.06254958625783047
0.07098216881701092
0.10693868035031073
0.027911144728591353
0.05658473504985295
0.019652975855422028
0.04925739540601626
0.0744654709377528
0.07054620339982876
0.0023743992728668672
0.08446292527224841
0.01905154214182403
0.10995638940272556
0.03875869358029149
0.003874861866847823
0.24408530272262396
0.0022457534756767927
0.010483973133034397
0.024892710902292947
0.03637161247206677
0.030498413047098438
0.030655430657475335
0.013172382560810547
0.03136033100105351
0.26233765201436654
0.0030488391358289846
0.14047324768182534
0.026652044475213188
0.019974769527152603
0.2550247309272322
0.04616564183390892
0.16378981474747434
0.06857786136373534
0.0589400251555503
0.021360207850193547
0.1109565884520407
0.00016681829686149285
0.036499202097616035
0.0018691054597752554
0.07184297201570189
0.00017747353081176698
0.021536406797565633
0.07434606698114976
0.0031821773152387323
0.015208305740031847
0.07273052346306486
0.05710758200604005
0.012230431798968766
0.003852595229659528
0.008867999247797798
0.2636080699979857
0.0014939871467731791
0.0006887584727337526
0.06892534561910679
0.06328705689242042
0.14588144259568026
0.03100152763687447
0.20503884171046138
0.10666555008089063
0.017697991930219814
0.027883867307934906
0.00039083592133692946
0.19087524135403555
0.009186872607415353
0.019642356554015805
0.16812612448018172
0.09954787989255465
0.0027086300716518963
0.06824094387616242
0.027081197378663546
0.01282741305556101
0.00523294633524074
0.14005388018722442
0.0349440315302445
0.016963457711824503
0.6340252014329621
0.08740095238721324
0.022609675891885672
0.02031518870569471
0.010532146802006537
0.05024064068891221
0.16895030912371567
0.009141172794841168
0.04195200021644041
0.06681720312616335
0.08175021704840901
0.02230418949045543
0.03389607724596999
0.016371791104290878
0.017204091002838595
0.04502710257236231
0.011783545901380421
0.0036922892674624563
0.2811764901388756
0.0265888643742187
0.03653596456547348
0.03905693952879119
0.06348079567845843
0.08556349066515168
0.039609747320071165
0.02098383820896288
0.009091232090895573
0.057967778605473086
0.5052256361337868
0.12866448819823972
0.022185283273586265
0.005573158540585155
0.021625000092456048
0.049978400507484366
0.005341351025947461
0.019156258523992165
0.004370759927041945
0.012458972739409546
0.01701961552225839
0.017365027246228237
0.11337074244312362
0.01734656375714394
0.020443194170866263
0.14844194363342922
0.03476332661819015
0.010834635795617942
0.11977514888167207
6.3443180806643795e-06
0.028806309848278033
0.006984664601930035
0.10652098026042722
0.017809210046266344
0.00994135221714032
0.032372732435135276
0.007229047719931714
0.15982794706786763
0.015837968766561517
0.07414358744381389
0.019151557962459265
0.005119795875089039
0.11093947112817659
0.013701842665170716
0.019493918323234993
0.028441205517310664
0.007930836472496594
0.0033156863739804976
0.06259170152645765
0.015584157693751877
0.022771288037063186
0.029756706183718507
0.08459651541306812
0.017734784941069393
0.03635153141669889
0.11313143801817205
0.0759451837621441
0.007638542255506309
0.022168658276711994
0.39580519287954985
0.21609960601153944
0.022498478942793554
0.006233653873607636
0.021465286819591256
0.018141479184293985
0.006968059080179501
0.1559779209059684
0.00696634314607536
0.018832315626582385
0.10845962930335418
0.06983443884763574
0.004676488177267402
0.05699092608460887
0.07081679315234624
0.027634856096653948
0.043395774325972525
0.009419100003924541
0.0022661368669218973
0.06795821415818182
0.1478592256010529
0.0849726235514936
0.0027261537178446815
0.0072582861422461065
0.025330594321246735
0.08012545031698437
0.03392612921550153
0.0021846840155603786
0.045653496879026534
0.03379538852107089
0.020272498304279907
0.004658986847516644
0.00944583824360734
0.017021576000331606
0.012047056272876944
0.0011430167804178382
0.026910535930483093
0.05152694458018914
0.007642252999971788
0.010779023530005816
0.10014721040812447
0.01644290920938829
0.016285409046588484
0.034181244889452955
0.1061866908590332
0.027372483190447383
0.043504314831579904
0.011625321399208133
0.043691286241312355
0.2480987374799497
0.0011438232083378352
0.010730395821269667
0.02562085565915595
0.04499717121660751
0.11270909545550012
0.03836502284895005
0.0026822845786114158
0.03202372539510634
0.058652718596306386
0.0028969012197990196
0.008506340162966808
0.072065823655862
0.031534760699230446
0.010589701849482935
0.006439922122694952
0.012902692356476564
0.09614714429466176
0.03645981785615504
0.1570685078102656
0.0010505819245736348
0.034674633644954156
0.030472388464033884
0.02450091832884027
0.02111652889243487
0.005236934560230111
0.023137601691246346
0.14727469989441033
0.04652904599845442
0.022978147982598784
0.10947904505542283
0.013062939355108938
0.10636083545261954
0.026798787490349696
0.013246784129307798
0.02782200174596028
0.016528440233912534
0.05995180055015226
0.07317910835217845
1.3012138765589043e-05
0.0033401694884673816
0.05947046057673333
0.029240056178821305
0.02408483157438468
0.006093889321050483
0.16455049460859072
0.04190418793007211
0.04228935349004814
0.052143999512850314
0.0017572091720126082
0.0023679113052139655
0.07429750977848926
0.0011572811295650354
0.0035876951467344043
0.2247740411132213
0.012341141273566336
0.04186941048146764
0.07480071301756652
0.16388135420066874
0.05376279865669176
0.1693827280019491
0.009381610898344661
0.08267965297966384
0.5073357357065333
0.09020132380442192
0.0066209577569225075
0.013317244806046347
0.031549500457458635
0.01692677352679084
0.006362703084221266
0.12717843166586817
0.36165395327208216
0.10697707707112158
0.01918243891560678
0.009399245147108104
0.06410921695197658
0.004568022049625142
0.058963948835014435
0.0034415523624033995
0.4423998943670995
0.12495971501522263
0.04016604248505473
0.03907450106663646
0.1640030065651672
0.001508511592362538
0.026056503646429974
0.033043654191658334
0.3021319080767739
0.040524722427392135
0.03877783781655353
0.10893606981341009
0.028809897363260006
0.15619376118979744
0.017298840751379885
0.1336504140962802
0.030362827719670804
0.08089340889853247
0.03391706617890122
0.01187465021502021
0.22071151793221588
0.003856439723904259
0.02347670238873434
0.03725162896137135
0.007623316562785476
0.02409355165798388
0.0112488892571605
0.06297751350928138
0.0308450252697412
0.03800741161262522
0.050259547111011216
0.09143800982280936
0.0036925060931025655
0.043431807078945894
0.03276161473581851
0.04508522093044576
0.013155456167396551
0.026416535720329648
0.10961398146469037
0.09097691394276808
0.07279656399646228
0.0008147717841779922
0.014074316992491731
0.014085456308805533
0.02609224529186349
0.009084476330201596
0.028382834938270207
0.06355452365482961
0.05103205484033424
0.004195948476592548
0.034368714055631244
0.05204838957905622
0.019817722044876973
0.05600884810723983
0.021472782548187297
0.20516079216469052
0.06301521631905871
0.008430287377848344
0.024910776436172455
0.10833262760269236
0.010600999110408793
0.16538237158312086
0.00646489762669944
0.037377268333671054
0.18412540218196227
0.08469800506480851
0.01805394965947471
0.09372450402457844
0.00893710110108259
0.2541678796761744
0.04434166208631041
0.06282558991546239
0.0014499847609954486
0.020375706850870756
0.012375673852943692
0.10849722123941774
0.009431260995484081
0.15203284106951287
0.017891159023406544
0.0027521619742856274
0.2423512150331817
0.09805602513017675
0.46750581968620963
0.13849212188580395
0.011762713399889435
0.07282478424826877
0.04824693316840012
0.01503321367368926
0.10015686725455453
0.0403885899709735
0.03007366710437509
0.04137142842137109
0.003926857731585187
0.05388716169983354
0.018054412268043052
0.05567743105984846
0.0038082267095091993
0.0048429012102246816
0.033979562373588124
0.0456190765738711
0.2509766254548822
0.05217169021159407
0.03548802790936634
0.003510932324957139
0.015147041076090773
0.12926748697344692
0.011282768205376215
0.05472166952489488
0.008605709345260948
0.008961790392788771
0.012996020201853753
0.37319571181421907
0.020082822720553395
0.0010872057263782153
0.012657783717600068
0.008795172985060162
0.01152223603554603
0.10419752163392104
0.2706907364479889
0.017076404667250245
0.0788635394768562
0.03821069779883146
0.00660662394773226
0.0015445439385644022
0.03827040408549465
0.09373360390327434
0.046081228984689915
0.005691762198239303
0.0004323471575844451
0.006332512927258449
0.01591145232504232
0.012394973853645297
0.28884129833369343
0.10973619441858773
0.4856390362099319
0.030935855381414967
0.0019652918670090003
0.013437976318016354
0.02494468007063233
0.15178391192955587
0.0027876529682089313
0.014640234629553106
0.033916336730783314
0.0013932978428101706
0.12160771736211018
0.20996479845990734
0.146658008501106
0.09090121536081597
0.022436493200359564
0.1272017694443548
0.048136148047831284
0.1656955005454961
0.0321911676956006
0.016924339104662067
0.0008977362405175882
0.050573187846566725
0.11083232169011126
0.2469426769754932
0.07845648412933315
0.018358971241525524
0.037792361303502275
0.01004291477534025
0.039693107353627965
0.02079783830561155
0.05885737833040139
0.005873352106618768
0.0019791979202068433
0.3416041390274245
0.0020167421144492437
0.0033921653462698487
0.03434153874434287
0.04240743049001594
0.09572274779122836
0.011163559661042655
0.15524264474828442
0.19114595038666948
0.06890697591489925
0.03608336555112146
0.16033324345994515
0.002853645822767703
0.08964437291899685
0.06875206906886433
0.0029079354966370374
0.20745878810890872
0.11444118496717692
0.12678127159153973
0.013965001401231802
0.05021136831766171
0.3738887489956255
0.01323288686324986
0.006232789909176972
0.07789891900137036
0.12513525540259707
0.1292614806839083
0.061096890412500215
0.1132311372920185
0.014976042774776488
0.035205974957193575
0.05050227088321435
0.048206962730546365
0.01203551899351396
0.028922009635266477
0.03705978472373772
0.037108950824858766
0.0005717585598858932
0.017263565301732342
0.21934593545546477
0.016207060175588595
0.017633326406439664
0.046314948998031014
0.02071919353136309
0.007950470468358617
0.2122195725131064
0.05881896524203967
0.131530263003242
0.0038390618617540895
0.025380354325875487
0.036091960905707765
0.02792542770299633
0.0306684767635943
0.003673978843153236
0.008729459366804804
0.0026657075327989332
0.16695502590914657
0.03842836578104425
0.1844444019753837
0.005168040917169492
0.021778223648311723
0.08570729210759964
0.1697705713486357
0.004333468202560198
0.01850738622181325
0.06691925470005344
0.005241368900556154
0.19816722772770845
0.02112385845106246
0.1404334706791701
0.03557913897060416
0.018037245720904593
0.1044797438249816
0.02231678357719602
0.0236364561860114
0.04192355127560177
0.007715729989570264
0.09737701369891738
0.07848695274947204
0.05920930950838965
0.011857481653123614
0.10942184284112955
0.024093757716741493
0.05184528930237775
0.00021415881269604142
0.006384376648270518
0.054931300022190044
0.33560369281610747
0.035875942026336816
0.06445936140244157
0.01053240114390519
0.007974748340245696
0.009721518522667338
0.10699529306555178
0.004194562773591315
0.032920862063747336
0.00011838174998501927
0.046080513884817265
0.08340452291895417
0.10477967114900366
0.0914678905319306
0.014723827012517177
0.045447427981684996
0.011852369391704087
0.08076453934438632
0.02023851996477788
0.0079829285540427
0.09171484961507304
0.025780996455409877
0.039100351494653296
0.013703177993875215
0.006752414937523099
0.008583745232385809
0.020353703309524462
0.12378137468920158
0.11647810521230895
0.015425795348846805
0.013979234915154848
0.022301268633214022
0.02087800140247964
0.058706718812914005
0.05984028463672075
0.04704348555605975
0.05813250369783418
0.0012350605946949145
0.065019870560036
0.06442529143544107
0.06235046742699524
0.03734968493688484
0.014145076646741472
0.10802881380561757
0.003466297222189496
0.017020612973396965
0.005095749465681365
0.022926258749293993
0.010133773640745858
0.048293530196019674
0.02898705876089025
0.0715640828021833
0.04347121287423761
0.01685089115721894
0.1019229426245829
0.11080689780908415
0.022664312829306255
0.0062722632941358825
0.014387007320010525
0.012694717258227683
0.038416518668555
0.03380322285818238
0.3649754736140949
0.009784731857394036
0.017675037345838973
0.017203356414256632
0.04745756060390249
0.056345696938478795
0.10911416113435735
0.014131909490401995
0.04643046336786938
0.024319801082015147
0.05993284048224723
0.20451464843358735
0.06483940112298114
0.035740443319468795
0.03861275172096157
0.05021114852752362
0.04190059816971825
0.02554001105397674
0.006133554083021409
0.08809031546400092
0.003699951323142159
0.045327264218713026
0.26849315982610733
0.04447959421327141
0.12978088854799807
0.03993846617606778
0.12016041330957705
0.01987900301537593
0.02212513385723014
0.13240335920386315
0.09064809772553417
0.014784333558736762
0.006911332107961243
0.010517240797526028
0.002523240501091095
0.033559003642494645
0.4760344553729965
0.10405701644549481
0.03800801920306185
0.042714377799370595
0.04819079770152257
0.03972243053283364
0.0733920770126133
0.09091905953278001
0.054421871402155375
0.009156554279911688
0.027555539164040965
0.037883684920984706
0.030461437375947753
0.014070390205688454
0.006721949053030585
0.005631084402352826
0.026872638824329442
0.014988594985197778
0.024021718403901104
0.3048449553419914
0.008309972998176818
0.01950725958329258
0.05603321656906246
0.4563011771847414
0.0019076884905189218
0.15639986009318818
0.1513990104468803
0.012528391679438755
0.0034779425072883896
0.012459504640673913
0.010455154268925071
0.025773922207577016
0.017752462088310494
0.0320389137031043
0.020656180494711407
0.07993100622138627
0.3427769597731185
0.016620178446032696
0.05604289161908582
0.06730387261961823
0.011481820807034637
0.0016197883214772446
0.039884107658053836
0.02935840422514957
0.0027236859576760253
0.035904938112025775
0.03979284779961745
0.02207026882035734
0.021103250725104772
0.01865346818328817
0.0030293961431198113
0.008355719526321082
0.0304234815472455
0.1790033670899902
0.0038345900132981114
0.007457609394350584
0.2033658410962289
0.024154681597906347
0.21542893860214463
0.101462457253092
0.07100445710148051
0.057131112270894846
0.16444089198557776
0.010446848487390525
0.05750723041205674
0.07584177321007246
3.3826328717623255e-05
0.07805974700841034
0.041824769149911845
0.019867316792215206
0.5030666835132251
0.09428302199569316
0.008728924728075071
0.028950019132253146
0.0029059777158408906
0.2345734153846024
0.021003948404313633
0.027601587356912205
0.019922273747738473
0.0016416449943790212
0.46711334124552195
0.0964611513853697
0.08778598515573321
0.02110410371699345
0.03612778965475627
0.03736684171099114
0.015318941557893595
0.16275438626189498
0.029947773042636072
0.007903114407440626
0.005778243787517567
0.016032004644785047
0.06389104843071891
0.08066433632552616
0.038238532856325946
0.07121379674765649
0.020884390612195602
0.06958969485651778
0.058340512833069624
0.08740486122371749
0.12488437701699695
0.08520174282250537
0.08172899861631322
0.029496496904016567
0.008304234496222307
0.005395455146299355
0.003843623195962209
0.18771252616886613
0.06909114529321414
0.1145246138875109
0.0002888996943966049
0.04424482284844089
0.013593015037713485
0.0024372579216560553
0.03724587515762323
0.09423030707944235
0.15938960226867493
0.1098087373850376
0.18043408668518168
0.0019800725156073895
0.01641629223217933
0.008647169298683366
0.037166588484865315
0.009238131070901545
0.012916479913428702
0.00870966664047046
0.042598513987286424
0.027361291525039633
0.07307169863133822
0.053484597680153456
0.02577402451834132
0.04658922557530332
0.06864803883559034
0.05221862955909273
0.003473004881129782
0.026082831742428425
0.0010143699586251387
0.14241407554743546
0.034485634035490875
0.028392370593337546
0.004968013635789248
0.029345286503485113
0.09192034412740213
0.12624096841989285
0.006274863723206181
0.10762044715670527
0.05120173164436892
0.02936091676531305
0.11721367334257593
0.08658824679798727
0.012347311181429177
0.03405051794391056
0.022298433267678774
0.0384469275079482
0.014169654249030827
0.011509184908618408
0.02133817013350381
0.0766382623305617
0.010456664365506185
0.0016738512183565035
0.12580100857155685
0.017894348666231963
0.06860793107580321
0.06462700311033132
0.08898831410158436
0.029730323434705497
0.03494442955695831
0.11911758784594895
0.04832511959000385
0.03726072343647502
0.008114819508932669
0.0019888419681137748
0.0015178056626155012
0.030743559649522467
0.3135133835130546
0.023830787534393494
0.07087538477560429
0.023129510668582043
0.10012131515020428
0.020656632296095268
0.2531492266908799
0.03344249438225688
0.007745768482777748
0.002634737040807522
0.007096350829442599
0.06496758516198042
0.07849853501295456
0.003890863560627622
0.015134507279867648
0.12375600643906637
0.016416940232716115
0.0762469808644255
0.04892310771401753
0.01897960235021401
0.03223797531870787
0.02703953808543247
0.026000779861192314
0.02579017672246664
0.00044243144020583713
0.062002075689974845
0.027132961291613356
0.2053599238922743
0.034545429150057316
0.19789700745241134
0.13346543552165713
0.033493414569761626
0.010418668521538166
0.056468023824436386
0.022980257093195178
0.15680284783525167
0.007054488384369506
0.07380589798140136
0.005438298298031441
0.010860437040946636
0.04774815222242523
0.12603104350898775
0.01338839257368818
0.004130876396857275
0.13776327878360917
0.061020105948045966
0.045454317628013996
0.023151325033040848
0.0130306822456987
0.04639270668951667
0.005639937738465051
0.020338299657851167
0.2687133625001934
0.014333995828906154
0.08652921475334097
0.035802178258336426
0.06365339732599296
0.15077168799223273
0.05873200634675868
0.10552942106266983
0.28298485255834294
0.03798492008718313
0.11490590494383923
0.017728069205531938
0.03554443064467705
0.025433071652173567
0.01792176108847343
0.014485101778859644
0.050790856632374926
0.04690967351518793
0.03079399037233088
0.04028471138599343
0.0003543531693139812
0.013144954196150138
0.00018584288113743241
0.10623393477919763
0.036684449865219904
0.09775999359135312
0.001622792244234006
0.3862762985444306
0.0436779906456195
0.005628185739738001
0.007177421034498366
0.13666287601381555
0.15814146340142088
0.013307590465501562
0.15348038954596177
0.09458370888307854
0.012800238373529282
0.0011770233174956957
0.0771045401588708
0.27768911723035217
0.004963979035892407
0.0005272099136846009
0.0029305621125104153
0.0006765741862864161
0.2916308672268997
0.04619158443699689
0.002107576253138177
0.01941355613325868
0.0004412911428062216
0.08516515499695743
0.00501297998357586
0.03334176773500985
0.005973427898084083
0.01400280291522904
0.14911905762119204
0.019714320440471056
0.023286363754095873
0.000372913744968173
0.02463846710713824
0.007424981852977908
0.01021202012464073
0.003592026947103477
0.0067979350392306515
0.20974301959984132
0.04722150380223411
0.010780282864061519
0.08641758623548412
0.19627728880459472
0.04526217327804716
0.025015934746534185
0.06438247087567106
0.0005349073531988324
0.04424756986941247
0.021274074424013634
0.03426896260702961
0.007072462673818336
0.051057876975960426
0.03184870326663258
0.05858448603078159
0.007759924319202582
0.00412986815797467
0.09458099216362825
0.01037013499103523
0.0021611065935758234
0.031047501802504485
0.10117798703947756
0.08205566539675146
0.034534834476176
0.0056283524888840475
0.04324468405775406
0.05896970310618599
0.11303248536000865
0.04393844660489776
0.003142444944273848
0.012772015514542545
0.010388750815309322
0.18661384375570833
0.12243137396751536
0.01760032529966793
0.019897097401553765
0.045982048700807354
0.07438713025680954
0.008844151658877308
0.02174478504741728
0.039504744185592244
0.018249630477498613
0.015961345105893088
0.06490450453645735
0.03981085257146333
0.06640879114615927
0.033267590253785784
0.00473535867490682
0.03936652125184992
0.05704908301902378
0.01442623081857164
0.0060542279532000975
0.0435213700135364
0.017143219074000626
0.024292662875268434
0.2069501481188354
0.03114236343583343
0.1646178919555723
0.5828490370180361
0.022981337329383678
0.020878524228351125
0.0510717319948526
0.007435803961811871
0.10361217257354838
0.09741420395278055
0.0020846271555683415
0.02152471519241317
0.15674356927740973
0.024023500531598074
0.10939299014921744
0.003571470553879408
0.010175631179890843
0.019902519570337063
0.08165848906639894
0.0008112415276855245
0.030143104535113707
0.22811657516137984
0.16036549945363276
0.03550093156582079
0.022625062505198912
0.08082534577340539
0.1647964671506088
0.008949938148816727
0.03897246723920489
0.06319277518264244
0.0028356582009791964
0.019336959119982566
0.01723528255661222
0.026876276945017707
0.060070544970585615
0.0020034257825045643
0.01794360708061049
0.005285014229230001
0.04098709968525327
0.03462583101782002
0.0747687014920757
0.05655225023429011
0.04110912904855013
0.21828789991855047
0.044807175751088835
0.04777747577338687
0.17480599465091018
0.03740925779561621
0.13896869809752843
0.01815059575824307
0.022070904823294768
0.10354830675225912
0.010935453516594862
0.0257998944538258
0.009802192966731127
0.017820699849835364
0.0811114451253161
0.08305042386984951
0.027207797713685977
0.02240784793389139
0.14757483471032629
0.023105303938564248
0.01814132982076444
0.016888739828914368
0.003984521265465446
0.03296633377442504
0.04822483712189296
0.598471617344444
0.03706231115199898
0.24898827646006794
0.040581336538366486
0.10624363097269907
0.03532541287006552
0.016091026223193694
0.024643717141202615
0.07000111441368517
0.04598689433862546
0.0700932111099064
0.28491763558338334
0.008495057004211048
0.030461933819310616
0.11905955161194015
0.030943561004505682
0.06750796669268766
0.20057239463835685
0.35478585548798947
0.1136288072161733
0.0727252879939897
0.03890313797433009
0.06064943365856834
0.026381909125234415
0.023947663317585466
0.015376621436075766
0.05811970974923497
0.0076409302743059015
0.009840892366128173
0.06037191371001427
0.0014695424201818241
0.0005263292289328092
0.04188212209203357
0.07546307653547046
0.026743822873754652
0.04798792702933952
0.029600877739653697
0.09554521613313227
0.4758199854238683
0.054421278252448246
0.0010923758055696453
0.01747467659731683
0.029625678753063767
0.00822348700035036
0.1874903437141029
0.0239749261762654
0.023968415296508283
0.04579998053827694
0.012479409845468581
0.08078988197769377
0.10373887822242978
0.014411879504791614
0.0747314384358333
0.044738598015669595
0.045104855364684227
0.12958533455196175
0.2667401065257309
0.018097020285836152
0.03282690805190214
0.1288961245735436
0.08963825232785894
0.09796356223080238
3.7035608897895145e-05
0.03781939808118295
0.05483287299398398
0.0036437191859022278
0.1363938206621924
0.014829565599939087
0.16800573752175296
0.124070862299277
0.08859844336791411
0.14382023129280697
0.021195490867285116
0.004623779210760404
0.038552261250174524
0.024303141014343055
0.0574450120518577
0.007346712015873891
0.11284022742529487
0.15544313007501387
0.03920632951701464
0.4817216885663811
0.20645638220082674
0.055331592418951914
0.06595895779184957
0.01145770409141278
0.04394993357504973
0.2880657438389562
0.19840170977715843
0.00018214587919374026
0.013435299515322185
0.07169735915192632
0.056546506209429026
0.1259520223660502
0.058654799694295434
0.11427352320743012
0.023578548439331826
0.07940780106264356
0.03264985799671649
0.0985051158169199
0.020019318703589306
0.05836003978743065
0.0014921207556426452
0.011488852769389268
0.05480154096403567
0.16494461615843647
0.0030671359944562937
0.005076416363522185
0.007300171350038909
0.16417329761441124
0.008752107178111146
0.14631083149311053
1.4099429222369508e-05
0.08410403730408689
0.037807596517268394
0.020414686588878794
0.015553008058532214
0.009915136830727533
0.04336883851226503
0.10940933129859332
0.15452412727006504
0.022030330295251588
0.06934956107477319
0.006708418792868542
0.008670859733342695
0.06322174003526015
0.06761947116388001
0.01301778673860099
0.1690216442406154
0.1543994622752507
0.022523978503500075
0.03991940043283648
0.0814876389224537
0.08698309123815307
0.054604816741175455
0.025643777433515424
0.05889252183453664
0.034667961471541275
0.10324723863254803
0.02235733556346986
0.01706872063255105
0.004896641424238624
0.0002927095587210715
0.2401502223007128
0.14283362897867846
0.10363171962455908
0.10952779465787899
0.02977915324731839
0.01805140281851436
0.03219552345092325
0.009927498028673654
0.039688924619781574
0.014060652787634353
0.0007403798431369069
0.07933194365728014
0.001944282862837099
0.0038712696614311426
0.047307839649647576
0.09711089824440933
0.004601159393928356
0.24755433417760742
0.01650554082925737
0.25335458902429764
0.04300909383925955
0.0030740576914922713
0.027850491518961462
0.025221194735422614
0.003994450183881781
0.10777381263199004
0.06376526178405584
0.021881927565004844
0.02977324631274314
0.005844130711466278
0.20405786669493864
0.09616440680667893
0.07989955601181009
0.002465218411771275
0.011643813815226167
0.03677412999354601
0.14041398222661883
0.08844609035031681
0.06803003814059139
0.039582806747148425
0.16011580774863887
0.0002100616560483104
0.10953946214533516
0.014829115757947875
0.008604172096397633
0.008419643078013905
0.051350237287010714
0.018941625196816858
0.027312616461927064
0.06708408028703161
0.017081118693567987
0.021814182954130956
0.018413926824109694
0.051096702306267616
0.01025430893275825
0.06326415312423705
0.14312540517289563
0.004729108633114265
0.05658915040987722
0.03958197749113879
0.01654290181647866
0.019608906402822868
0.05063539245281845
0.033196699299878674
0.004820298869958606
0.023648508234145993
0.02575556267652246
0.17066549200080772
0.003697941024256579
0.03689987286213636
0.01878107724462552
0.011675630981017093
0.005841814064979189
0.019284651938733077
0.04139099536860158
0.17513739134983553
0.043370874742663545
0.005331936296670392
0.016981520823833307
0.011521370032824052
0.018328260711996336
0.06636448797189587
0.06888846865808773
0.0021207432946539484
0.049744858482426935
0.0012084628009461085
0.13228294631073823
0.05552049207949494
0.023375904344788978
0.047740999080133406
0.1377704589502855
0.060285401849000664
0.004858091766891448
0.0032278378926093865
0.00026812409680587734
0.045409475938186006
0.03904297424878678
0.04943334683684952
0.040698382493246754
0.0018527426750551967
0.007620044033160411
0.18184518631994706
0.011882687047204854
0.0015003749974766833
0.05029929409374745
0.0058621715205617875
0.10025748713269422
0.018168773155593954
0.059592977840566164
0.04778194294556215
0.005862337948769891
0.041001634814733734
0.24247838494011376
0.0729040300560655
0.061465391537240066
0.06624535059188474
0.03793820262592362
0.06388555722719502
0.07706564336331212
0.04391490765203798
0.16406786110007943
0.01842527580163278
0.006890200431143967
0.023667861539252044
0.38443086106804003
0.02854862304229755
0.03775996673289228
0.04294324994395993
0.024647693318229358
0.02345602038622019
0.0015356706362581463
0.17827446410808534
0.005132491907943404
0.0035986777442076345
0.21609872015130804
0.12080819042648727
0.022271038371172835
0.026592925680347435
0.08659266816755462
0.06959043780011598
0.015331694594692635
0.04651508720178299
0.010853711726440451
0.14128229899290545
0.017385086017156937
0.11750633850499526
0.06323789556461179
0.04375037930412873
0.001929474276153087
0.04174757225689518
0.009178937080264404
0.035455444684771464
0.019595587580511165
0.0025100986508732603
0.013768830985782188
0.0028518504095700337
0.05546015285881367
0.09878538948987625
0.11188088676738062
0.08564243464445553
0.013457933075642359
0.07578373184298925
0.06685618029462148
0.014716301837211176
0.007422174298199025
0.015204801907543697
0.004045552048296486
0.0018612934445627616
0.027985315004002587
0.013321558070856554
0.07433357588570288
0.03319031609680678
0.2515729856576172
0.09666405573727843
0.05826910100029181
0.04125544196585906
0.02646850644271126
0.060221750705977684
0.16560614872526003
0.01490580497704741
0.04041226915239804
0.12581513890199858
0.01581883275389373
0.055101026090824234
0.010087181693847924
0.006219408306378682
0.04396536966203257
0.17770825119248457
0.0779349772851674
0.0072895325458830484
0.009655496643631523
0.016584270254384137
0.19961962030549785
0.04036848751991329
0.036443806042598226
0.030984601469299378
0.02162197229336016
0.009242930450454878
0.02013588623344731
0.03716735364298529
0.044339372972444835
0.12955788809040314
0.03784791118198427
0.0030891796139940197
0.012105122131629287
0.009674538939407284
0.003146197425508035
0.019138851055799933
0.03394860139883349
0.011978194685752896
0.0009692555806850578
0.08789244232764304
0.18376437252015876
0.04332868309336391
0.01455903237945222
0.07788685236414494
0.07472624569402342
0.023562635423900247
0.034690198216139834
0.00970029225095459
0.010935148054272759
0.02329834818112886
0.06520711521181966
0.0019233587914868622
0.006362385986335539
0.022292044338655614
0.009633999770926494
0.006342106086208332
0.08029746862303
0.017843995328348683
0.15788810471462966
0.04504465719776363
0.0233326115642285
0.041565436466498795
0.029242267399808952
0.02781069186789864
0.02538020488566417
0.008501051128860126
0.04285625446686936
0.04185825928425402
0.08856341137015988
0.0204402074959944
0.018679600180234956
0.1765060145659163
0.030968774018219847
0.043429054646480836
0.02923908265825048
0.07815618628865195
0.006604639004649471
0.016471130363925113
0.015226080357592764
0.03595297664151076
0.04003411561768644
0.24332584137164304
0.04429201170160013
0.01995231364992378
0.12819186326089493
0.1489147399599915
0.36027743063311846
0.03508969252663974
0.07641639045391457
0.00710472041146204
0.1781702834200587
0.011352000524198047
0.035501494413438195
0.016061729335660857
0.06290220858591056
0.08579478219621706
0.04758031635140014
0.33880353048687084
0.061637044253075146
0.04204089478923834
0.10173029909549314
0.05169989972330313
0.13604708219406803
0.06708833900484024
0.08380357094586088
0.026563678780803457
0.022512766420049957
0.2350493696231979
0.021483995506855535
0.15683376359493195
0.061212296841176794
0.2490061274712616
0.03482878988097582
0.010895540933688608
0.005600259375228234
0.011578342217262616
0.056154574899892395
0.04766279707337162
0.011397059514479224
0.04014758946004804
0.010317772850726215
0.04222781853934521
0.03818192255903341
0.04977718274528797
0.05780200622200482
0.09897652009135527
0.05328789457746552
0.06813163141703171
0.001587788315873695
0.035698392440394855
0.005906145931476203
0.0005206857168786883
0.06475172131649742
0.06421129336058584
0.024916945668678636
0.005471104693924644
0.025978136841558808
0.0006876737311358738
0.1628560490999007
0.018901048228940454
0.062101297403728495
0.0878500609492221
0.04721472501535118
0.11877389380697423
0.011046497585198267
0.02003813932367393
0.028655024826775843
0.0061829681101244205
0.13060239016772357
0.04675825252377308
0.01976476264349003
0.05652382393316202
