duration
0.014386016778544404
0.1737104990811293
0.1016056673728416
0.06466124230983916
0.1138759095796531
0.05591499520548959
0.11913960479622077
0.014693092035405364
0.09567115552959127
0.22316583879954877
0.025834416688347517
0.04270691780768843
0.018221146144261624
0.1176830278926051
0.0015825909300950514
0.05024765418309407
0.015175569015843493
0.024998719141898107
0.005547071001103632
0.05176449605153621
0.05875012982671457
0.010664982203243412
0.329127752671317
0.0027575027934005902
0.05343628684973112
0.009883139330508328
0.12339146630887399
0.051417933546455075
0.004080781609953732
0.10612631907264714
0.11898363920216504
0.030707051512134598
0.0025785253222352367
0.02209488068680443
0.14151190904871314
0.054647223596720806
0.0415842973588596
0.04329733368303934
0.371840080625784
0.032946833698193956
0.08980460095212806
0.04482281019527079
0.11574956140201564
0.17789303229785958
0.13110283026654557
0.03928864949711652
0.016301694656242205
0.09127720311332155
0.00997336785227887
0.004218467991062624
0.03640634217982708
0.022278041555519934
0.02436146435967501
0.1961387470720588
0.013453079403980439
0.042644764606837526
0.0005347805374285031
0.09455004622933316
0.002540042392794817
0.0031330571739758284
0.03312165381527521
0.03483465620228543
0.07934851655589625
0.0026181958772149017
0.02290318883126119
0.02288739136101725
0.1638167484118611
0.017653394793441635
0.1400363134291922
0.04100648400063989
0.06969021777280915
0.040314913150268694
0.01962819440501562
0.004303752807309991
0.021548653606814128
0.04256070752072105
0.0548638779970787
0.08063832838638518
0.28051144224658486
0.038230461546241656
0.025598896297800877
0.025177806039231143
0.09795365008973533
0.08606794996008915
0.0323044145341953
0.005909354775091913
0.005509416648216359
0.0669217871001564
0.36713703175676216
0.05463874590833484
0.07169162083881275
0.09011290394242621
0.25501936573235895
0.045885303754829465
0.015369806616973847
0.021981599724874457
0.019578830696154625
0.04327853507630408
0.01949136990310052
0.08127480611025817
0.10743102277893257
0.037165562713980194
0.06607104319751755
0.0013457817149884477
0.025401993717302673
0.060652100687100585
0.024038248760327008
0.031159776126877148
0.22844798257622756
0.008405133465622328
0.02296835003640041
0.1507699364423658
0.13367119234800384
0.05318485982496668
0.05650569610850198
0.08266866373992343
0.015931287991762133
0.08491473811301375
0.03515669919684683
0.22397272314418615
0.05155784435306998
0.016282135838736167
0.05151632922134297
0.051248255845919743
0.005429065738070449
0.0018340742015965361
0.022935465382701636
0.03557642885975554
0.041661896141661714
0.06433183188673297
0.006328549034094522
0.006443934457735168
0.23455925382062048
0.05315729388797763
0.01244500088992595
0.06604290030297477
0.03347062265039824
0.26513900806925506
0.07451375701279517
0.05433929381906921
0.0073377256023405835
0.02350472546125104
0.0006159130757765752
0.023656852026434194
0.22882823418100884
0.004105220409883259
0.01008866147100207
0.13011530506318536
0.04557396939550529
0.02905706085019233
0.056848713277716456
0.011464700236672343
0.06954018006709362
0.18150463266971428
0.018268553549532385
0.018028762028819756
0.05236924010665689
0.0039229258496646935
0.012636252126014824
0.009493200313656303
0.19747771063087782
0.012517401525570904
0.007792720600093617
0.015136999614426827
0.12557679209895412
0.10937888506651916
0.0010799376060219856
0.06539405125792541
0.04984848444983925
0.048343004114158816
0.03405091874897437
0.024411815871289377
0.02306391993730017
0.13699377007127111
