duration
0.06817260362741195
0.11309019644419926
0.01234063930319973
0.035468604958583505
0.015919492780723132
0.09894946245078007
0.25092530931907575
0.04461929999849623
0.3151254814710178
0.013189792009933754
0.05791147674443842
0.08070117291895684
0.03215727645214983
0.0007957008457246673
0.16024458535062003
0.016152636385866614
0.19359551451509738
0.09643622729843848
0.26921915498111204
0.002368225559393977
0.03819334526273721
0.05016541090167692
0.08268510160061737
0.04939876938277621
0.04786941133486877
0.03327888486307984
0.13947596598065104
0.09885251423795438
0.0016815440427286887
0.08674354696435316
0.02680754832010379
0.01834001869977797
0.03149667553905644
0.023494112043458415
0.17832895215583733
0.01633579403505081
0.016854552823978963
0.010838890971008652
0.07501465997193435
0.03861800667543491
0.04524850533040592
0.015846661239280024
0.015963895034971642
0.10411662257669718
0.012785471890396138
0.24862695543006907
0.08514021005944272
0.02083594000942668
0.014158366070240902
0.04202475546253481
0.001354578295014619
0.020547435112185042
0.00035808817870730536
0.014706263931408614
0.07326064463464377
0.15372270697034196
0.050017167377838234
0.03647451073458541
0.0648029043092464
0.00784281408203924
0.17305620545509015
0.095942395995543
0.010393496895716225
0.0452262986330112
0.014161050991987167
0.0065500207315025705
0.12141610211346432
0.08352097524149116
0.011849635797560154
0.19700968949190667
0.04600972944412263
0.6715975841521242
0.05240945912303374
0.05881910090548814
0.1340316372147612
0.2833589871916473
0.09893649747330358
0.1430444252069023
0.00499872639490917
0.17100206738155066
0.05078946067660439
0.004766497446397011
0.0434579166471849
0.03976668837619002
0.0005045748025764851
0.014892802219080181
0.00022872523159378488
0.044282916413308726
0.04378987499960374
0.014443971515817111
0.07150984022490547
0.02545884670259113
0.0177818799614613
0.03159770001647644
0.19316001929288973
0.5716236823217571
0.009852119100443701
0.003322864523866542
0.0033964201253553483
0.0034659662502605215
0.009708449557592758
0.024042354555206202
0.018337727423585193
0.011020129269269319
0.13476761470457177
0.045453934685923514
0.2064938068066482
0.04606425073295384
0.006681983019774407
0.06422570406435568
0.05235477286207413
0.08350854566630517
0.013486425658953749
0.002639325928143421
0.025654230487930363
0.03750412204915676
0.027363240751839157
0.15389799817754124
0.05737800851136399
0.11820802177676626
0.0007764607744746854
0.07598221971159091
0.049523989643986965
0.012164786042703213
0.03277600444698692
0.001084710688701307
0.04226143584422459
0.010779828380108825
0.02957761188730501
0.0013376103136977235
0.024266612124449694
0.017178300478306596
0.0761576786497642
0.09146997217510489
0.022785882865250073
0.3008235241142643
0.0373736821915287
0.05104306425742777
0.06832599420509666
0.10910600226826261
0.023071781383023904
0.2500199244281731
0.02836065978712554
0.15213824738357573
0.018885877224789738
0.11770760336780484
0.011629249167526723
0.22449684707864037
0.18919714998807535
0.025465547503728203
0.060069887759766516
0.0027966953194891175
0.13549648341827947
0.040013023559851035
0.010866383341181063
0.017219342851504393
0.06922905123444423
0.07184465516102989
0.13660467301055235
0.008047211265676424
0.008367489499534031
0.0557246283436541
0.11297383491090329
0.031541470788369
0.00027653213206235705
0.00890287911531118
0.00782713784876421
0.016390903463673112
0.024452179820215747
0.024889531142932242
0.08019620211744893
0.05114852940978665
0.22475687978538872
0.13978409044378282
0.04160141797990491
0.043947236883269625
0.0013809639789315042
0.12494146650294624
0.03605006705330993
0.0034143616297797053
0.011042383544378254
0.008569141160648996
0.028955439357559953
0.08091576418104296
0.0015211762105593607
0.1638846413113697
0.002633022329035839
0.13063983237660182
0.01582785107521545
0.0005572485886489176
0.029791515405150903
0.06912802934220963
0.05829034768589736
0.010722937090264395
0.09171925029102113
0.0802831013273817
0.06784344361861372
0.23625356597017344
0.22817623393541453
0.5421759532346186
0.166612351524293
0.023766756302933345
0.039298631622102675
0.07681746746115437
0.045208140998823865
0.010685850763564986
0.01187770949127298
0.012505669411240206
0.09038001932702855
0.012554224755092491
0.03788879064973116
0.04245121497157811
0.09748565926051356
0.09388961114424887
0.00018919626640467868
0.09216773167909764
0.12935022409078556
0.04545174237267702
0.025213895877328696
0.052753746809855784
0.0454632972075899
0.002922542844146392
0.03239729270896419
0.058718987113905996
0.08019056621608911
0.04828250234305642
0.1233699455050612
0.051656247106080855
0.0295887626946012
0.018177454440433394
0.26511991234599463
0.012069591868794305
0.196499088743451
0.0872494012288314
0.1682851931974767
0.10830140942408661
0.13487756427318232
0.02123110105205228
0.026976642229783465
0.036765819496224594
0.11716000249094805
0.03111298098403381
0.03099591671028179
0.08629560439209172
0.03364427883153098
0.005014460531583609
0.09991986292718025
0.09948746056733171
0.08593802241207982
0.0044906309817349666
0.04921221090924632
0.07685027958535784
0.0028326209393583213
0.02850496247813794
0.09455291355212125
0.2568952875666639
0.02979000482309857
0.04824840519935947
0.050308785957781765
0.17838304438609498
0.012056974850906954
0.000632078787731416
0.003619714069714064
0.056477922105557354
0.04172094879180577
0.07076675255004261
0.01443323189667467
0.004950459832656406
0.07550236384329878
0.05627860541167706
0.1463197959477327
0.034918290948183994
0.03112204559781162
0.017695526917663074
0.0016491231461088773
0.014547562363105726
0.01669767705442382
0.17543701437492132
0.03237693192394886
0.006490587853789975
0.059242624254267184
0.006912558888160447
0.01354534075935021
0.011975779587572788
0.016424316487530177
0.07567857363380881
0.016213601935561428
0.010489823633463402
0.020975688720170638
0.02460431622478154
0.1127330807912017
0.005267914994419698
0.022427602330168384
0.03168658154027071
0.13854814373951285
0.07308632126338921
0.2976599970696725
0.12231575217293766
0.08231004518097507
0.10570245354622898
0.14111078452847892
0.12563165191471626
0.1000817433764496
0.059396701459718315
0.11470365389925519
0.09165805867868926
0.007491275869682568
0.0764229390844946
0.06417089655133168
0.06267108010476363
0.10363906771604547
0.2835075861200096
0.25945555883023985
0.10053751251433596
0.01886025701767835
0.015622292533862492
0.03247301771037314
0.05389526648258425
0.01947500476165942
0.0003668381564239098
0.01258342504962684
0.0019637141699888616
0.33655315047545287
0.024865405478436742
0.03751845954246846
0.019485045115999355
0.035419775807014275
0.18238452433109842
0.027618936199843347
0.005401690761090094
0.08617104064546766
0.12672519782870495
0.12717237482507926
0.012092188491635625
0.17637356800833004
0.007495240411515169
0.03711242682697957
0.04107653118575172
0.0636925337920502
0.008345623008892744
0.004563342411870508
0.011129625003832189
0.011806117708090369
0.03939822483351918
0.006064031902951683
0.14696529708351136
0.047648927058730806
0.04731485473354269
0.015177627595278409
0.020509331263951935
0.07874029725797982
0.07903861750105534
0.09988441359155331
0.0910470745807288
0.003261565032573799
0.08730254293470807
0.08240628088049107
0.0028013610525476906
0.036822025201104225
0.08746297674184689
0.004493060424863415
0.21383519093780023
0.19207652164413958
0.02785521733147789
0.010467168959337414
0.026890456863384316
0.011462048182522722
0.10447982496236818
0.04574289445406521
0.06589783760631462
0.03751906609107891
0.1254532805541544
0.05580020819110132
0.09413199088021429
0.0652375355315371
0.03539664818652
0.0646443127319003
0.009632447176329606
0.015449208303493833
0.0507077521588144
0.01572513989452773
0.21976796529122566
0.01336104506196989
0.06228577358615439
0.05018019482514546
0.04010457472696771
0.04360417658568849
0.06879491454498066
0.17637135629638578
0.05517517813620998
0.031447009019018424
0.03527912984560544
0.09499394381083448
0.03069157108240006
0.002576848082583183
0.021873100811603763
0.005390417450939822
0.13213474806002523
0.04104437600926758
0.011913787554192368
0.04152774963540651
0.022003473651466265
0.05229158221260377
0.03169222930273463
0.00026327288225047596
0.107803921728987
0.08876975190503344
0.023242472712638573
0.036167445979629065
0.05040493150130487
0.018553197574874503
0.01401165005643179
0.1614013165869892
0.12271091064496886
0.2062566572001856
0.20776146358366532
0.017726190701580435
0.0892407035999554
0.07042579357784007
0.1933258635842776
0.007098611223852913
0.07557841509225227
0.10324458275232473
0.05489651357834191
0.02444623072909735
0.029121043483200992
0.0030184013803022935
0.06800944450208135
0.024871601956192535
0.18384805096491164
0.010435416851976242
0.010992218973399304
0.03471424126058764
0.1192707525235619
0.04307588473341184
0.04951406803456848
0.059707490727873846
0.045154075170671604
0.07295686167014992
0.024557492507369716
0.30388777989543314
0.05447767162490891
0.2482497156709087
0.030213735154859478
0.10369890383583424
0.020264335641400066
0.11289979802324979
0.11931810047212821
0.004488820258018222
0.0027797100582915846
0.03227406616912276
0.019562927275387665
0.10109478253883708
0.025595946096871103
0.003316873667984055
0.008294052419955733
0.13465651790193078
0.04476113170676399
0.0007824787776939957
0.03579336141223166
0.1529896625018523
0.03800095637342338
0.01888138302342668
0.13050148660499872
0.04638713866887656
0.0389147136787642
0.04064512137085785
0.04756997753656833
0.029967776808803137
0.31579200179294276
0.056262965500536666
0.12959241735529758
0.00609575332134682
0.07070189793535064
0.03206148367075912
0.020200971290364578
0.02800343102262559
0.023672438567132303
0.016302229650705158
0.032519095843156265
0.08873266795200152
0.007034603960107688
0.006883711401599157
0.17233975432708348
0.019196717495560733
0.012218849708972357
0.016535863836054432
0.03343416105496999
0.17836529842554683
0.23730288384535925
0.03813306974171837
0.02541690253502793
0.021863760284418277
0.0118343995172836
0.009205262793557267
0.002062991512843837
0.0782478434564382
0.08106762218108088
0.01951331763604003
0.028793494822025423
0.052584915600846216
0.05788446526230473
0.16025667268780808
0.0772036329731236
0.036679262726522666
0.11023920149875721
0.0964554477889692
0.007845349305000582
0.004964012310153976
0.03288494900039041
0.15430777927878125
0.00841452980756685
0.03921557331295844
0.03274222122507808
0.0008535399402944677
0.12128011263951066
0.0014594402272223306
0.04454557129827208
0.040831732606136484
0.17598662788566344
0.018508952591730576
0.033590093970246926
0.06076237335781798
0.03145486842333867
0.07128058351759137
0.17658459618490951
0.024933458191810587
0.017408967281994592
0.10257696819934381
0.08756350377302624
0.02729997238384385
0.056976014839165146
0.030799448458765255
0.024390407600549224
0.08323136193729397
0.13756060072358878
0.14195755929989673
0.12120974009042129
0.0019545251414569975
0.014479183836442644
0.13451986179876485
0.0006109424314217904
0.03781238212366134
0.011797498865917078
0.21627379638584898
0.0502864580739697
0.09388253928767654
0.04666873917750536
0.2515066362750531
0.08640249720946258
0.007449062206092094
0.09916071880064692
0.008972907903853411
0.09037754429186862
0.03265533769291551
0.14843721315645553
0.02488009634151922
0.29863567102830757
0.04048082367302186
0.039188370981548815
0.2658582013440878
0.01698790831403585
0.03876570415781089
0.056782707186187054
0.05197037596133214
0.14614585344730813
0.061787232468134334
0.10097877974777703
0.04053051415303344
0.05068320141884897
0.08226846386259012
0.014342404924775565
0.0255315506893794
0.00804897371727975
0.0678776674094479
0.002421276182872134
0.006983393873952082
0.09618755305501736
0.029130760939608535
0.006371322056054396
0.10012988130358735
0.02641489140540898
0.34068034133673564
0.05873783911835062
0.02865389986544642
0.008134804318103761
0.2490398357901995
0.015895801873796245
0.03666140054281186
0.12202899014511104
0.4135607175061864
0.023154841198106624
0.009311817075001727
0.02237323916489231
0.03659592790796751
0.03041127265862542
0.008214459463772528
0.011906107769789287
0.13542217348771146
0.03330938170989839
0.03908418839500882
0.01759593069203902
0.008232150673791239
0.25230758288751076
0.08941232996767212
0.02857177693721269
0.013025921773305527
0.02718501295277065
0.10624443146190288
0.21152904743365752
0.0084860787411003
0.005103386123494147
0.0651132328315498
0.03063279611149028
0.01479240252405134
0.2871232899253755
0.07540658423687319
0.003651066517875279
0.0432600064991675
0.04920437979330927
0.032498208875779255
0.17717984048255175
0.0578680275049237
0.0009985197460764539
0.1746757421128109
0.031413804150759006
0.034668869826134596
0.11323933290742616
0.05823195308295226
0.014461728811397734
0.11353174652015241
0.2712558424290705
0.0288280858685539
0.007482298080674354
0.16809168731504087
0.13358701532098394
0.0843466452975008
0.10795327561322665
0.31338211726256304
0.1272051509912444
0.09226262012259667
0.12215711998788947
0.015382593086144425
0.12252124844070522
0.1643246612742928
0.010519931433861984
0.2904185086458142
0.03084715078409772
0.06225648754377744
0.004026763118645249
0.025876453792591292
0.10874471428616062
0.06047439565122659
0.01427365570253869
0.10125309897387069
0.023387166786847047
0.2545934705325408
0.08757941772876165
0.09801927749799688
0.16733940871006325
0.04824872526137369
0.06665235347014686
0.03972569294501227
0.1882172893872962
0.11322427811307989
0.01891026316314992
0.051593279796804836
0.015253648456564406
0.02277899274565698
0.030221388039308295
0.082472793139857
0.23766229566160746
0.010351785418777126
0.05908144132610005
0.012663538644687833
0.15299556176915985
0.05074383480200595
0.09847080701302957
0.015100888626477627
0.09222670082584727
0.07384699711474241
0.062045317590900595
0.03864845632841707
0.09208578192220784
0.01655623520662175
0.0041418156023382835
0.2507734415971754
0.04327922470190515
0.040605953353974655
0.022684535262897043
0.04594631222892076
0.035414427681303096
0.1115411283120693
0.33793540358419705
0.011402650715695017
0.026498275872882004
0.07560843265616768
0.09548008652814133
0.12149900929557589
0.041167779374063684
0.024065985738502604
0.0749647956863555
0.01912811503825651
0.02478420752618149
0.07208719522282081
0.0023284526930638094
0.058216739468321066
0.22455526989153896
0.1279290402379729
0.047251337719444564
0.16347684012077934
0.024803172863812506
0.15056904031951035
0.07829921514291982
0.03232878545054518
0.05329545194183538
0.10070875039832572
0.019072952064107085
0.046715220387341105
0.11301335497785203
0.01787572201169496
0.21387071645085598
0.0490036820918931
0.006824806393296967
0.008399447904253066
0.07521039503228621
0.0494884868188592
0.2706399786311522
0.0800033009455774
0.07485603697568877
0.00722750383681614
0.15212676537180414
0.06429978064898023
0.15297318571140295
0.037716134234642595
0.17918702532381303
0.026436876868842774
0.07495596527644466
0.13712362574460712
0.004215693181095048
0.1845374189267659
0.03148301046019242
0.026643043738431516
0.027454117403408418
0.041522890284682035
0.05598723738830813
0.22962870597700658
0.14299661113511775
0.0015176198154449594
0.011369139287012331
0.03235403818109717
0.008162713079286732
0.10051487989358066
0.027413760037006796
0.0159843918157776
0.0310786155474716
0.0024953990251788127
0.08782587402913578
0.05510922689961717
0.049090700710621604
0.04754998808914479
0.03377663654794105
0.09952443535405564
0.05657231917336958
0.07604427519152068
0.05893806561789461
0.09902262276295914
0.008324515058802717
0.08878980185613727
0.15378403763588722
0.029615878446406896
0.18807117923097394
0.24379305969387133
0.010161881032104247
0.001996667854541556
0.022953733382792052
0.08988936983882923
0.02516415081163359
0.062312049476076936
0.0935547295350716
0.05440459798830943
0.184368895598368
0.004819337292929049
0.02328447890715779
0.12508963783864147
0.011111907534541388
0.1522484240592803
0.17419496846105176
0.08387973052128928
0.0023617613421720307
0.05397797818886829
0.07946101567426922
0.21696399562029
0.08149605070195776
0.012455281593815926
0.0001569250930515409
0.06656150062383404
0.03753216591769615
0.07262632280435355
0.0098674243977257
0.021055292841992923
0.2183646119229934
0.1991368482431426
0.00307380556409953
0.038273240463240654
0.02128646824792213
0.08071127938239897
0.05884752442568697
0.019522241660069994
0.02348502172890221
0.22516741953643304
0.049064003358466834
0.03498054929616501
0.05144953803244334
0.04547622980749111
0.30527725467572964
0.08251732315341087
0.07839225346469902
0.03555052975639228
0.0006295370988027571
0.07612886708102451
0.0041767141633499705
0.0007996085741979186
0.054071180298478794
0.001537467944672244
0.0014245142607478556
0.17194367543436329
0.01868003755373593
0.02491189153192863
0.2073933144251896
0.04040495899778307
0.09083456562018455
0.011424826846564429
0.04081169751941616
0.02832333095705053
0.006621920366569611
0.17541410902538246
0.016420227317667013
0.03497338901377134
0.002994096905126753
0.08888016581067859
0.183771627312467
0.002039764800088051
0.3023530921299198
0.0754882943094799
0.03064374744565157
0.003555309708758614
0.014922043146839314
0.0988684917650744
0.2951091279977618
0.03972072545479932
0.19541148933546992
0.10092362158570722
0.020327597386312846
0.005632899747524789
0.02189274271358954
0.008244897276654228
0.01439679655220516
0.021444392985358718
0.028077237964225787
0.003421391032588872
0.10944999910600473
0.033122896560144
0.07042375278444979
0.02745351762246173
0.015418876799003556
0.03963434485160633
0.04778265037487017
0.0023258230777400968
0.04961894621430929
0.11650802359770296
0.0020582101585659984
0.04328476228783984
0.024871368159438134
0.08507173384987254
0.2523998923857107
0.0001492034705279366
0.02677896594423146
0.0654801044360056
0.007379008076554783
0.017456486763535395
0.046183591733779394
0.002335667708280198
0.05773545547401682
0.06167183454761016
0.23097519847715375
0.014504173588420599
0.020942869133932618
0.06428583643423735
0.005192922856622317
0.0169577951884321
0.005275466317016253
0.030353593656741396
0.046226936511175154
0.009190796737243545
0.13854178014264562
0.02684082189887249
0.005431982533082191
0.10306964320500356
0.03707271414418756
0.06102012889573416
0.08055787421210425
0.0006994814802965266
0.02071093819199632
0.11200824173465662
0.05410148554449279
0.021773742038135424
0.13697112195882255
0.01584960067236807
0.039741097168302986
0.1295490461211557
0.18248013067136526
0.24154705023750012
0.004366967440319058
0.01748460699138832
0.00784539590301847
0.19014898613716014
0.038488988535959834
0.044304011241706576
0.005595680681039994
0.07547585162888026
0.09155567324739877
0.00012032784206894576
0.006695372710510128
0.0005784759681546348
0.23135482766099358
0.25117696025404257
0.0005436131622218454
0.10567189128266818
0.04215172129727307
0.18683044783233527
0.00017016513322687388
0.003341774585692292
0.1414240215344762
0.041475544922718655
0.012872433768279734
0.026318773581806454
0.11727133595775285
0.0034108874413050216
0.026398120515295886
0.0029102246368211127
0.02816746459029673
0.09738525068087256
0.05786489567628905
0.008102173680072156
0.03654809670479153
0.0030519370289994185
0.00562131460276305
0.19537937291079288
0.012015720628937743
0.044992705599725014
0.016186299409355343
0.2582300371891506
0.12491856852784622
0.04693155275890604
0.0055979029469881425
0.045321546386730915
0.026593827352485278
0.006638077009370136
0.00029788511562856
0.08004348574979758
0.00660879600275166
0.030370088754580138
0.02529800132208493
0.158270484749778
0.09649618091600587
0.097696251354364
0.03782714976648549
0.04254943926548549
0.014617745893360734
0.032155642961697595
0.06048731609962488
0.07772270353223121
0.016492319534677335
0.08653856061039278
0.020535620162604573
0.12828613004558065
0.010815423753683717
0.2193738623234367
0.1724567996064934
0.05213027074682941
0.036483867159063266
0.0038997511488787495
0.05210564629715009
0.07754626656060282
0.09009694739177121
0.0016051864034807295
0.26007492794190057
0.03941377596083839
0.23183029350411744
0.04640616977803802
0.08395022684817377
0.20975668823587057
0.04295365897132797
0.05641765331915849
0.01325926291531232
0.024661935016865755
0.2201122290296098
0.004942414059200928
0.005173772207058391
0.10786074198017559
0.0074662576590753815
0.033139160596988404
0.01683238558780431
0.10093690938504096
0.04059673044559986
0.03316016899350416
0.11716230216143231
0.01764461110792581
0.09143585257857012
0.29742215598366784
0.03331253376279619
0.04935163874472437
0.05038913930889066
0.02685357243751696
0.04620615787189308
0.01024210977459461
0.06119238445228348
0.049360712627049
0.15937041367828897
0.08010109351664596
0.25065115083236833
0.25410527257929516
0.01850071072499304
0.01627865469652079
0.005330230859158291
0.0717917452615211
0.23041992467597083
0.04873247881505449
0.011588117792030062
0.014424116725308522
0.18088181719679142
0.05467771463281679
0.25896728185091433
0.11215314474964089
0.17458586564850975
0.007389974046077441
0.09141775770660843
0.08079418165516472
0.040839175763494495
0.03823487409908921
0.013043821401993227
0.013261308755545542
0.21220341726859715
0.006999235766102174
0.03579062287178658
0.05385800421129261
0.14977482713482004
0.1618054670153697
0.00549248346078457
0.05334841667024648
0.33867655148924314
0.18631491762266705
0.012007852027863919
0.3388743933759315
0.11752645020374075
0.13483026066921866
0.009922381062551722
0.2681850681879041
0.032674555807830075
0.10601378892681623
0.013747088300078758
0.1072235618302102
0.02631102747125169
0.007093997390029472
0.15148398481312597
0.02808685062711902
0.02667539997764834
0.033282495807384294
0.05705978834464531
0.0020021676766646124
0.0007896065694694698
0.03809250623112348
0.015460330961786894
0.03461958506409246
0.2562763304993041
0.1942532964003476
0.10462124768230296
0.14484214223068648
0.0005605081863677697
0.03182638449379738
0.04746180113431819
0.15190254794003977
0.291876813724798
0.02064052046694087
0.004759810500218009
0.013338641335167267
0.05242875243709477
0.10244735955177475
0.09635739791053766
0.1095764338731442
0.21563672334332296
0.020054958794048616
0.07706738582714934
0.024460924512027304
0.08962527465712355
0.09430276140619753
0.017458902166140433
0.09315777655842794
0.06923431672419156
0.010389636285594861
0.07474690098672454
0.16855857611142255
0.18246029286797238
0.020262796702468222
0.1330735827693843
0.05396132761177341
0.10350127052720381
0.07624282296103502
0.059419054298814444
0.05215131044531063
0.02143530613511757
0.06087341499937793
0.19458387618885808
0.23764774941889755
0.0762417105319173
0.026276870080664594
0.0642115982135465
0.04350713262192585
0.003485941206008647
0.00479248356464268
0.0006016468606730996
0.04602835358889479
0.12125658869274503
0.14234611982362821
0.008443961643592957
0.008541989554828433
0.39353711462490537
0.01569716585674996
0.01942768952176266
0.05973929350864182
0.00752630388808484
0.23924674120075906
0.03193750965988329
0.02518189949103089
0.05640362332906079
0.01958129757520055
0.04108720499107221
0.13769407374536513
0.10188638944839568
0.2285497052972687
0.1839105485281607
0.01362079873103994
0.037146165593640035
0.04545767740444262
0.22012911625427023
0.02759308641361713
0.064488841005641
0.017164962700576325
0.15263449028395826
0.017133534623098967
0.017937608629495116
0.004357329657864284
0.07569287232342958
0.024712484090628095
0.09676558180160555
0.10264926860361356
0.08255646952045481
0.019569272543094485
0.11448938275032106
0.02757138856088659
0.22351241598539673
0.10515065940899149
0.041383171354254955
0.11137677173087468
0.09069691963441073
0.030006435199538828
0.0514096598993774
0.3269305210330913
0.057422087046916204
0.46660645282577207
0.02175316797990945
0.05754719889921489
0.03916004089944636
0.05482043928202529
0.29363221125481687
0.11541612647761212
0.016172959674804588
0.09107868814726316
0.04935519280684275
0.19912492018909234
0.12329429214935317
0.056520854676591625
0.02203684644882742
0.10198244505124876
0.0640472465614721
0.012654370201971687
0.07275674086463368
0.02546719785584628
0.016874340226081586
0.0196478678759604
0.04796605077387994
0.04267715879404932
0.009386460391169749
0.1066883661015936
0.12917479159170853
0.17315942285051733
0.035104359750448566
0.2455430151735527
0.003130659459998242
0.01655094630370968
0.03652810171888632
0.0318863029132217
0.010679520556095667
0.04645719010306948
0.09466025229198749
0.042391646354531076
0.00492285517543678
0.015107624413758458
0.525944893606038
0.01182868312980645
0.1895392322603584
0.007645444004310775
0.03142909001837779
0.09975508172510672
0.04772855956048261
0.04045037008722829
0.07760608535465963
0.030615833370802648
0.02825421246257065
0.00012266134035598952
0.03102262567949765
0.050614450661896626
0.08520825779237384
0.021822034969318338
0.06055959305035685
0.07699072524712847
0.08047875699196538
0.17163257976528712
0.013573936080888416
0.0185020190637033
0.0014840131435676085
0.01157979675997467
0.009252599378555715
0.02636838765192806
0.23530187450614903
0.03773213404235776
0.018866191008783062
0.029260100602982675
0.009826439564449174
0.010951512100177752
0.020789545605794046
0.047366560599812146
0.05636286943968116
0.1685745851068532
0.022308705739988
0.01202293466849369
0.04449129903798621
0.014539317402295637
0.12981803338141162
0.010085788011565455
0.20857498434349964
0.03596901451919621
0.01288582502547797
0.016540543164524024
0.11864482094290452
0.015011466440682852
0.024253995560115982
0.0004352537011982349
0.024732507352155153
0.04703108545345458
0.030998777648846954
0.12472616424190619
0.09417510574132848
0.026878917139129044
0.047951148397942234
0.029738087790633472
0.0755102682053348
0.042694670229820986
0.2549192342066817
0.05885352028121815
0.015903716458183226
0.038725579125525655
0.05312016030165978
0.029623045584685315
0.023464921124968896
0.09264749534918337
0.12899536924817312
0.10108227281716609
0.26093217468894636
0.015620121400047537
0.011483069057476314
0.3153079058624826
0.06293584289278442
0.045270989457321775
0.0023383184612839614
0.028680837856427388
0.054192142193528525
0.04706136097354374
0.01160241905483872
0.010061840893513363
0.1024334746950899
0.0023471360721032397
0.04953586172382529
0.20335510976394744
0.0030758959294416854
0.05179703543251435
0.08488668993720694
0.2784371412180917
0.11690250640594968
0.012927454226201007
0.08355731444828507
0.06598441189828463
0.008457569025381417
0.13692829873446044
0.1300460657463418
0.05255657969485128
0.0201047752083241
0.02801094277708671
0.06581715985021219
0.035760213724074674
0.1598951149799177
0.053458238983580486
0.14032799056826661
0.01763783345529646
0.026817371508172982
0.09240473245233716
0.13287859197043872
0.005384433323001758
0.1304030991145737
