0	0.274943628246023
1	0.14611427706322
2	0.0938155961150137
3	0.0663269293278076
4	0.0497889410927181
5	0.0389522153470899
6	0.0314156740978731
7	0.0259376824730018
8	0.0218175452320332
9	0.0186329226700884
10	0.0161157668388369
11	0.0140887167960892
12	0.0124303095979442
13	0.0110549221312816
14	0.00990068758047003
15	0.00892194059516252
16	0.00808434087917596
17	0.00736163725100256
18	0.00673346751007658
19	0.00618383005596101
20	0.00570000161935836
21	0.00527175760006716
22	0.00489080161576769
23	0.00455034220259309
24	0.00424477464895717
25	0.00396943902246615
26	0.00372043414367553
27	0.00349447313804495
28	0.00328877023327323
29	0.00310095128016827
30	0.00292898245917092
31	0.00277111305225347
32	0.00262582918435319
33	0.00249181618687549
34	0.00236792778786615
35	0.00225316074462355
36	0.00214663384334596
37	0.00204757042441858
38	0.00195528377049815
39	0.00186916483194437
40	0.00178867187048213
41	0.00171332168491877
42	0.00164268214775186
43	0.0015763658328458
44	0.00151402455507374
45	0.00145534467530774
46	0.00140004305021802
47	0.00134786352732274
48	0.00129857390274839
49	0.00125196327298529
50	0.00120783972322563
51	0.00116602830412389
52	0.00112636925648268
53	0.00108871644961794
54	0.0010529360044694
55	0.0010189050767901
56	0.000986510779470085
57	0.000955649226039598
58	0.00092622467999679
59	0.000898148796745123
60	0.000871339946779429
61	0.000845722610282248
62	0.000821226834633968
63	0.000797787747457216
64	0.00077534511876974
65	0.000753842966663833
66	0.000733229201615036
67	0.000713455305151928
68	0.000694476039134034
69	0.000676249182342736
70	0.00065873529148881
71	0.000641897484072794
72	0.000625701240840179
73	0.000610114225838704
74	0.000595106122294711
75	0.000580648482742007
76	0.000566714591997236
77	0.00055327934174953
78	0.0005403191156276
79	0.000527811683777991
80	0.000515736106044837
81	0.00050407264297386
82	0.000492802673903292
83	0.000481908621527186
84	0.000471373882332614
85	0.000461182762401271
86	0.000451320418106948
87	0.000441772801285524
88	0.000432526608494046
89	0.000423569234013536
90	0.000414888726282209
91	0.000406473747479615
92	0.000398313535998592
93	0.000390397871571124
94	0.000382717042839453
95	0.000375261817171998
96	0.00036802341256032
97	0.000360993471414107
98	0.000354164036129941
99	0.000347527526281454
100	0.000341076717324415
101	0.000334804720679689
102	0.0003287049651264
103	0.000322771179370023
104	0.000316997375734125
105	0.000311377834864316
106	0.000305907091405253
107	0.000300579920549571
108	0.000295391325418879
109	0.000290336525207028
110	0.000285410944041856
111	0.00028061020051629
112	0.000275930097825058
114	0.000266915895660009
115	0.000262574244804224
116	0.000258338116029235
117	0.00025420410672081
118	0.000250168950651326
119	0.000246229511450765
121	0.000238625850878055
122	0.000234955952319074
123	0.00023137040554755
124	0.000227866637586947
125	0.000224442173041472
127	0.00021782171429581
128	0.000214621218640107
129	0.000211491015763576
131	0.000205433365566745
132	0.000202502039396153
133	0.000199633242036481
135	0.000194076213256687
136	0.0001913846248997
137	0.000188748846365084
139	0.000183638625562245
140	0.000181161266100529
141	0.000178733877869761
143	0.000174023705819019
144	0.000171738377098134
146	0.000167301183165245
147	0.000165147015188945
149	0.000160962056393989
150	0.000158929177777785
152	0.00015497764817111
153	0.000153057100678028
155	0.000149321917955014
156	0.000147505556834882
158	0.000143971175905178
159	0.000142251582700892
161	0.000138903832396477
163	0.000135673242678016
164	0.00013410017817829
166	0.000131035272042787
168	0.000128074560955424
169	0.000126631805622543
171	0.000123818693802457
173	0.000121098559210078
174	0.000119772080473259
176	0.000117183866055221
178	0.000114678883178434
180	0.000112253593686933
182	0.00010990464575761
183	0.000108757800492138
185	0.000106517459322445
187	0.000104345820834461
189	0.000102240098848351
191	0.000100197647218484
193	9.82159514651437e-5
195	9.62926209791104e-5
197	9.44253817613585e-5
199	9.26120696548003e-5
201	9.08506240321124e-5
203	8.91390818997684e-5
205	8.74755723937122e-5
207	8.5858311633916e-5
209	8.42855979082726e-5
211	8.27558071673074e-5
213	8.12673888058561e-5
215	7.98188617085656e-5
217	7.840881054106e-5
219	7.70358822703944e-5
222	7.50432800667041e-5
224	7.37576194475484e-5
226	7.25047913464076e-5
228	7.12836854159613e-5
231	6.95091908253879e-5
233	6.8362832702804e-5
235	6.72446625907508e-5
238	6.56182617738916e-5
240	6.45666256669309e-5
242	6.35401227147212e-5
245	6.20457607616516e-5
247	6.10786771667166e-5
250	5.96699873089403e-5
252	5.87578175576594e-5
255	5.74283648035402e-5
257	5.65670229298401e-5
260	5.53109659689031e-5
263	5.40963651942375e-5
265	5.33087661042e-5
268	5.21592917162775e-5
270	5.14135462857857e-5
273	5.03246179438289e-5
276	4.92699851898782e-5
279	4.82482208791095e-5
281	4.75846335852672e-5
284	4.66146762899217e-5
287	4.56741291920869e-5
290	4.47618136516267e-5
293	4.38766095437416e-5
296	4.30174518082624e-5
299	4.21833272296539e-5
302	4.13732714320656e-5
305	4.05863660851564e-5
308	3.98217362801042e-5
311	3.9078548097163e-5
314	3.83560063120756e-5
317	3.76533522651935e-5
320	3.69698618577028e-5
324	3.60871608773038e-5
327	3.54457500342634e-5
330	3.48213155884658e-5
333	3.42132630053301e-5
337	3.34270297192726e-5
340	3.28550319724864e-5
344	3.21149615075135e-5
347	3.15762204832491e-5
350	3.10509429165607e-5
354	3.03707488242838e-5
358	2.97126944740049e-5
361	2.92331085793926e-5
365	2.86115397388002e-5
368	2.81582993500504e-5
372	2.75705651884258e-5
376	2.7001067084951e-5
380	2.64490575826708e-5
383	2.60460991683241e-5
387	2.55230089594961e-5
391	2.50155406609124e-5
395	2.452307775166e-5
399	2.40450338479049e-5
403	2.35808509565328e-5
407	2.31299978338193e-5
411	2.26919684680021e-5
415	2.22662806455215e-5
419	2.18524746279879e-5
424	2.13512597690465e-5
428	2.09626149445069e-5
432	2.05844984369545e-5
436	2.02165330348051e-5
441	1.97703036694033e-5
445	1.94238844420224e-5
450	1.90035309865065e-5
454	1.86770066839309e-5
459	1.82805649132437e-5
463	1.79724395904812e-5
468	1.759812829665e-5
473	1.72354027636392e-5
477	1.69532449853419e-5
482	1.66101964218183e-5
487	1.62774668787753e-5
492	1.59546462795968e-5
497	1.56413447288926e-5
502	1.53371913329493e-5
507	1.50418331002884e-5
512	1.47549339098729e-5
517	1.44761735555042e-5
522	1.42052468518145e-5
527	1.39418627883235e-5
533	1.36353682227663e-5
538	1.33876185610657e-5
543	1.31465667930993e-5
549	1.28658095028052e-5
554	1.26386651448511e-5
560	1.23739515621442e-5
565	1.21596643103283e-5
571	1.19097941366502e-5
577	1.16675543861455e-5
583	1.14326373014375e-5
588	1.1242255380976e-5
594	1.10200142392045e-5
600	1.08043042591994e-5
606	1.05948718488651e-5
612	1.03914756100059e-5
618	1.01938856444098e-5
625	9.97041083881636e-6
631	9.78466329018761e-6
637	9.60406271930876e-6
644	9.3996162157395e-6
650	9.22953204494475e-6
656	9.06402657217415e-6
663	8.8765067923251e-6
670	8.69475110251578e-6
676	8.54337057459624e-6
683	8.37170779955825e-6
690	8.20517127061149e-6
697	8.04355877815916e-6
704	7.88667799119762e-6
711	7.73434588267323e-6
718	7.58638819186699e-6
725	7.44263893057168e-6
732	7.30293991063124e-6
740	7.14805021525327e-6
747	7.01653132484751e-6
755	6.87062350692135e-6
762	6.7466580410647e-6
770	6.6090505032967e-6
778	6.47561329164026e-6
785	6.36214528222515e-6
793	6.23608406852084e-6
801	6.11373522236574e-6
809	5.99495432425349e-6
817	5.87960391270217e-6
825	5.76755308549325e-6
834	5.64528488413385e-6
842	5.53983884101993e-6
850	5.43732163201757e-6
859	5.32535696140789e-6
868	5.21681743752131e-6
876	5.12310128492026e-6
885	5.02065959200553e-6
894	4.92126189112377e-6
903	4.82478871452982e-6
912	4.7311263982321e-6
921	4.6401667515906e-6
930	4.55180673902013e-6
939	4.46594819231266e-6
949	4.37336995673085e-6
958	4.29249024483219e-6
968	4.20522908137828e-6
978	4.12060341414399e-6
987	4.04660667665259e-6
997	3.96670315746099e-6
1007	3.88914434937992e-6
1017	3.81383936871139e-6
1028	3.73350392079765e-6
1038	3.66265525161957e-6
1048	3.5938053038907e-6
1059	3.52029006432541e-6
1069	3.45539901069371e-6
1080	3.3860707668764e-6
1091	3.31880925854745e-6
1102	3.25353311815674e-6
1113	3.19016494191027e-6
1124	3.1286310665352e-6
1135	3.06886134711296e-6
1146	3.01078896375135e-6
1158	2.94929832190788e-6
1169	2.89457259022302e-6
1181	2.83659185817441e-6
1193	2.78033670621861e-6
1205	2.72573931044004e-6
1217	2.67273514916313e-6
1229	2.62126280962442e-6
1241	2.57126380995425e-6
1254	2.51869629381712e-6
1266	2.47159082793577e-6
1279	2.42203641159876e-6
1292	2.37395811470848e-6
1305	2.32729787089006e-6
1318	2.28200043713931e-6
1331	2.2380132414391e-6
1344	2.19528621827033e-6
1358	2.15062715077388e-6
1371	2.1103675745213e-6
1385	2.0682629304927e-6
1399	2.02740636799058e-6
1413	1.98774902810413e-6
1427	1.94924442099045e-6
1441	1.91184828630821e-6
1456	1.87296321450344e-6
1470	1.83773135831722e-6
1485	1.80107522696248e-6
1500	1.76550537698624e-6
1515	1.73097929547511e-6
1530	1.69745653061191e-6
1545	1.66489857097925e-6
1561	1.63119221332016e-6
1576	1.60051389013094e-6
1592	1.5687349166357e-6
1608	1.53789342148925e-6
1624	1.5079528792467e-6
1640	1.47887852826877e-6
1657	1.44889912355669e-6
1673	1.42150850661482e-6
1690	1.39324864396984e-6
1707	1.36582345764849e-6
1724	1.33920038881031e-6
1741	1.31334845443309e-6
1759	1.28678356162909e-6
1776	1.26242790869862e-6
1794	1.23738586835729e-6
1812	1.21308183682608e-6
1830	1.18948709049144e-6
1849	1.16532082271728e-6
1867	1.143099634485e-6
1886	1.12032667345466e-6
1905	1.09822771118355e-6
1924	1.07677640380715e-6
1943	1.05594768492046e-6
1962	1.03571768724996e-6
1982	1.01504479599628e-6
2002	9.94984890923601e-7
2022	9.75513970532567e-7
2042	9.56609195783525e-7
2062	9.38248824229733e-7
2083	9.19533704868828e-7
2104	9.01373152837738e-7
2125	8.83745467702046e-7
2146	8.66630000759629e-7
2168	8.49227491721514e-7
2189	8.33100532794233e-7
2211	8.16693524687288e-7
2233	8.00766577898541e-7
2256	7.84608843162384e-7
2278	7.69607023098627e-7
2301	7.54378821041126e-7
2324	7.39598269216568e-7
2347	7.25247990543698e-7
2371	7.10714643516933e-7
2395	6.96613908802712e-7
2418	6.83490911638629e-7
2443	6.69643087209675e-7
2467	6.5674142664383e-7
2492	6.43694767656016e-7
2517	6.3103313454494e-7
2542	6.18741523569719e-7
2567	6.06805654455966e-7
2593	5.94755108782377e-7
2619	5.83060070698134e-7
2645	5.71706689309058e-7
2672	5.60264136758347e-7
2698	5.49567063734996e-7
2725	5.38779660294646e-7
2753	5.27924846297271e-7
2780	5.17765481555819e-7
2808	5.07536556151955e-7
2836	4.97607841927762e-7
2864	4.87967703249161e-7
2893	4.7827568184038e-7
2922	4.68869624092255e-7
2951	4.59738389973736e-7
2981	4.50570203878405e-7
3010	4.41965896895688e-7
3041	4.33037973239321e-7
3071	4.24653195968794e-7
3102	4.16242246443403e-7
3133	4.08078774439888e-7
3164	4.00153164832213e-7
3196	3.92211685246463e-7
3228	3.84504331807846e-7
3260	3.77021987129575e-7
3293	3.69532310232332e-7
3325	3.62480747482136e-7
3359	3.55207390982631e-7
3392	3.48355340851536e-7
3426	3.41500991079655e-7
3461	3.34654250167231e-7
3495	3.28198439999547e-7
3530	3.21745974796283e-7
3565	3.15481969410052e-7
3601	3.09227951920239e-7
3637	3.03158100801378e-7
3673	2.97265255444168e-7
3710	2.91386001786446e-7
3747	2.8567948109442e-7
3785	2.79991492110538e-7
3823	2.74471725463908e-7
3861	2.69113612634194e-7
3899	2.63910900549538e-7
3938	2.58726622262945e-7
3978	2.53566523137993e-7
4018	2.48559289421046e-7
4058	2.43698942900548e-7
4098	2.38979791262382e-7
4139	2.34283529221076e-7
4181	2.2961483616645e-7
4223	2.25084336249077e-7
4265	2.20686627324718e-7
4307	2.16416569292114e-7
4351	2.12074761327677e-7
4394	2.07956667930328e-7
4438	2.03865752591407e-7
4482	1.99894388666268e-7
4527	1.95951618045279e-7
4573	1.92040600909832e-7
4618	1.88326829508073e-7
4664	1.84640789445711e-7
4711	1.80985287003699e-7
4758	1.7743728876301e-7
4806	1.73920422011819e-7
4854	1.70507097129964e-7
4902	1.67193289479042e-7
4951	1.6390911440328e-7
5001	1.60656676435375e-7
5051	1.57500104898494e-7
5101	1.54435666036184e-7
5152	1.51401172705259e-7
5204	1.48398352751628e-7
5256	1.4548399865101e-7
5309	1.42601069770134e-7
5362	1.39803000090906e-7
5415	1.37086492001784e-7
5470	1.34350349915019e-7
5524	1.31742889802177e-7
5579	1.29164412141555e-7
5635	1.26616062659123e-7
5692	1.24098889170772e-7
5749	1.21656044743818e-7
5806	1.19284633732107e-7
5864	1.16942094445215e-7
5923	1.14629267841732e-7
5982	1.12384387630445e-7
6042	1.1016842364856e-7
6102	1.08017366217869e-7
6163	1.05894406844336e-7
6225	1.0380014651784e-7
6287	1.01767409326162e-7
6350	9.97624472663892e-8
6414	9.77857299508771e-8
6478	9.58671915178364e-8
6542	9.40045697103306e-8
6608	9.21400302893751e-8
6674	9.03304234086267e-8
6741	8.85473893239841e-8
6808	8.68166342383231e-8
6876	8.51114251390409e-8
6945	8.34319859731966e-8
7014	8.18017735040492e-8
7085	8.01736879979076e-8
7155	7.86156587572091e-8
7227	7.70600252871945e-8
7299	7.55501151131441e-8
7372	7.40640967791511e-8
7446	7.26020279631543e-8
7520	7.11828330817332e-8
7596	6.97681627141851e-8
7672	6.83952536666507e-8
7748	6.70624752912281e-8
7826	6.57347298500288e-8
7904	6.44460305932755e-8
7983	6.31790588297244e-8
8063	6.19337494046668e-8
8144	6.07100147330844e-8
8225	5.95221963276715e-8
8307	5.83548745967278e-8
8390	5.72079434413288e-8
8474	5.60812814529735e-8
8559	5.4974753337731e-8
8645	5.38882070679477e-8
8731	5.28335595466644e-8
8818	5.17978424945839e-8
8907	5.07695156954512e-8
8996	4.97715121825989e-8
9086	4.87919257340859e-8
9176	4.78409781624155e-8
9268	4.68973489242878e-8
9361	4.59715574788538e-8
9455	4.50633941205209e-8
9549	4.4181879750139e-8
9645	4.33080411741061e-8
9741	4.24598749774664e-8
9838	4.16279326593414e-8
9937	4.08037985812029e-8
10036	4.00038988503885e-8
10137	3.92118383347501e-8
10238	3.84430711615438e-8
10340	3.7689412403997e-8
10444	3.69435686511333e-8
10548	3.62196474995615e-8
10654	3.55034847428438e-8
10760	3.48083537836951e-8
10868	3.41208968387122e-8
10977	3.34475190074053e-8
11086	3.27938816287022e-8
11197	3.21477466544949e-8
11309	3.1514954510151e-8
11422	3.08952613105586e-8
11536	3.0288422814569e-8
11652	2.96891087973482e-8
11768	2.9107407557652e-8
11886	2.85330453016247e-8
12005	2.79708623476566e-8
12125	2.74206144545991e-8
12246	2.68820595175234e-8
12369	2.63507043537826e-8
12492	2.58349485802552e-8
12617	2.53261661407471e-8
12743	2.4828375265001e-8
12871	2.43375605715674e-8
13000	2.38574910645273e-8
13130	2.33879289113918e-8
13261	2.29286394840021e-8
13394	2.24760414095972e-8
13527	2.20367142456504e-8
13663	2.16006636870839e-8
13799	2.11774290241244e-8
13937	2.07605599406058e-8
14077	2.03501023652573e-8
14218	1.99488942662943e-8
14360	1.95567149009877e-8
14503	1.91733445947184e-8
14648	1.87960108900164e-8
14795	1.84247287404214e-8
14943	1.806192560388e-8
15092	1.77073889265063e-8
15243	1.73586378448548e-8
15396	1.70156723589253e-8
15550	1.66806272645303e-8
15705	1.63533014009568e-8
15862	1.60314770158509e-8
16021	1.57151391556728e-8
16181	1.54061698302064e-8
16343	1.51025296614642e-8
16506	1.48059863714623e-8
16671	1.45146116656509e-8
16838	1.42283759929874e-8
17006	1.39488861469176e-8
17176	1.36743683528022e-8
17348	1.34047870069752e-8
17522	1.31401022333307e-8
17697	1.28817257172249e-8
17874	1.26280702472284e-8
18053	1.23790934549786e-8
18233	1.21360763603775e-8
18416	1.18962732087046e-8
18600	1.16622552967172e-8
18786	1.14326415582118e-8
18974	1.12073814359827e-8
19163	1.09875683186121e-8
19355	1.0770821388956e-8
19548	1.05593452260119e-8
19744	1.03508928824196e-8
19941	1.01475361355027e-8
20141	9.94715087054861e-9
20342	9.75168532015998e-9
20546	9.55913499794197e-9
20751	9.37132815214276e-9
20959	9.18637458413536e-9
21168	9.00599217080341e-9
21380	8.8283936081146e-9
21594	8.65439564416656e-9
21810	8.48393490443386e-9
22028	8.31695228683094e-9
22248	8.15338548494236e-9
22471	7.99246439147291e-9
22695	7.83556971658938e-9
22922	7.68124028583986e-9
23151	7.53012551009187e-9
23383	7.38153218596874e-9
23617	7.23606984823208e-9
23853	7.09367583442975e-9
24092	6.95371248290403e-9
24332	6.81729098407022e-9
24576	6.68266960658846e-9
24822	6.55094138300441e-9
25070	6.42204649915922e-9
25320	6.29592300467408e-9
25574	6.17154978640862e-9
25829	6.05035668758869e-9
26088	5.93088039754242e-9
26349	5.81402560542241e-9
26612	5.69973427725312e-9
26878	5.58753324031364e-9
27147	5.47740220051436e-9
27418	5.36971214805482e-9
27693	5.26364633483738e-9
27970	5.15995421803097e-9
28249	5.05858132402664e-9
28532	4.95877534736219e-9
28817	4.8612195223878e-9
29105	4.76553253384082e-9
29396	4.67168945915506e-9
29690	4.57966537576432e-9
29987	4.48943571713908e-9
30287	4.40097449260318e-9
30590	4.31425677959042e-9
30896	4.229255163278e-9
31205	4.14594400902642e-9
31517	4.06429661408617e-9
31832	3.98428663174445e-9
32150	3.9058870032151e-9
32472	3.82883532947984e-9
32797	3.75335484552437e-9
33125	3.67941813652588e-9
33456	3.60699743162491e-9
33790	3.53606567203532e-9
34128	3.46639392618483e-9
34470	3.39797186901032e-9
34814	3.33117298296794e-9
35162	3.26558106120234e-9
35514	3.20118649072373e-9
35869	3.13815340443228e-9
36228	3.07628384594512e-9
36590	3.01573091102598e-9
36956	2.95630874853844e-9
37326	2.89800454116273e-9
37699	2.84095500697624e-9
38076	2.78498924838224e-9
38457	2.73009231184103e-9
38841	2.67639023433017e-9
39230	2.62358608127539e-9
39622	2.57194153962165e-9
40018	2.52130137738526e-9
40418	2.47165313328313e-9
40823	2.42286329356784e-9
41231	2.37515794151836e-9
41643	2.32840107113064e-9
42060	2.28246771353709e-9
42480	2.23756330189043e-9
42905	2.19346068480168e-9
43334	2.15025100765577e-9
43767	2.10792038502295e-9
44205	2.06636022572199e-9
44647	2.02565384233128e-9
45094	1.98569727214616e-9
45545	1.94656919926844e-9
46000	1.90825431412175e-9
46460	1.87065719888126e-9
46925	1.83376859659382e-9
47394	1.79765686629811e-9
47868	1.76223228675585e-9
48346	1.72755965663913e-9
48830	1.6934826758543e-9
49318	1.66013521418544e-9
49811	1.6274353832008e-9
50310	1.59531268764172e-9
50813	1.56388390753264e-9
51321	1.53307605535829e-9
51834	1.50287951812885e-9
52352	1.47328468285451e-9
52876	1.44422710689984e-9
53405	1.41575521125058e-9
53939	1.3878593829169e-9
54478	1.36053036494567e-9
55023	1.33370869921468e-9
55573	1.30743746615977e-9
56129	1.28166041198869e-9
56690	1.25641598866071e-9
57257	1.23165114671351e-9
57830	1.20736090163385e-9
58408	1.18357943294107e-9
58992	1.16025653946615e-9
59582	1.13738830480581e-9
60178	1.11496511597026e-9
60780	1.09298305655622e-9
61387	1.07147060949649e-9
62001	1.0503476665426e-9
62621	1.02964698306726e-9
63247	1.00935930211731e-9
63880	9.89449376063434e-10
64519	9.69941771435155e-10
65164	9.50829367499279e-10
65816	9.32077628699801e-10
66474	9.13710053456271e-10
67138	8.95720589145471e-10
67810	8.78048353498572e-10
68488	8.60742835611289e-10
69173	8.43773416330878e-10
69865	8.27133686997462e-10
70563	8.10843941700649e-10
71269	7.94851843051448e-10
71982	7.79175548919509e-10
72701	7.63832861137822e-10
73428	7.48775002683992e-10
74163	7.33999125264741e-10
74904	7.19540476509391e-10
75653	7.05355975982103e-10
76410	6.914409952063e-10
77174	6.77810131685035e-10
77946	6.64442735292037e-10
78725	6.51349487127103e-10
79512	6.3851080517394e-10
80308	6.25908531562899e-10
81111	6.13567232823507e-10
81922	6.01471243342732e-10
82741	5.89613798424038e-10
83568	5.77993473920785e-10
84404	5.66591043853342e-10
85248	5.55419325541464e-10
86101	5.44459805078839e-10
86962	5.33723163565262e-10
87831	5.23204772524156e-10
88710	5.12878285242694e-10
89597	5.02764707883806e-10
90493	4.92849086907777e-10
91398	4.83127505911352e-10
92312	4.7359854074789e-10
93235	4.64258987087453e-10
94167	4.55104928526783e-10
95109	4.46125327929425e-10
96060	4.37326237918597e-10
97020	4.2870481020102e-10
97991	4.20240394650425e-10
98971	4.11949724989822e-10
99960	4.03829596889273e-10
100960	3.9585936022251e-10
101969	3.88054324565903e-10
102989	3.80395263939824e-10
104019	3.72889299077467e-10
105059	3.65533225648896e-10
106110	3.58318498774273e-10
107171	3.51248678820198e-10
108243	3.44316289016814e-10
109325	3.3752382162074e-10
110418	3.30865224008759e-10
111523	3.24330883191055e-10
112638	3.17930768194104e-10
113764	3.11659182431349e-10
114902	3.05505444802995e-10
116051	2.99475963968918e-10
117211	2.9356753559918e-10
118383	2.87773751033905e-10
119567	2.82091761979815e-10
120763	2.76521568436908e-10
121971	2.71061390221885e-10
123190	2.65712651481387e-10
124422	2.60466451298918e-10
125666	2.55324569857776e-10
126923	2.50282022644725e-10
128192	2.45340945879722e-10
129474	2.40495286939552e-10
130769	2.35746113934193e-10
132077	2.31089154423728e-10
133397	2.26527612738095e-10
134731	2.22053656070779e-10
136079	2.17665504238479e-10
137440	2.13365293461155e-10
138814	2.09151955628828e-10
140202	2.05020506228259e-10
141604	2.0097094525945e-10
143020	1.96999356319141e-10
144450	1.93107875627293e-10
145895	1.89290806597346e-10
147354	1.85550285449262e-10
148827	1.8188453199974e-10
150316	1.78288561735543e-10
151819	1.7476486691329e-10
153337	1.71311311313022e-10
154870	1.67925758714779e-10
156419	1.64605716861944e-10
157983	1.61351897827836e-10
159563	1.58161097282515e-10
161159	1.55033671262644e-10
162770	1.519689076949e-10
164398	1.48963602249347e-10
166042	1.46016686816005e-10
167703	1.43128161394873e-10
169380	1.40296957875973e-10
171073	1.37523076259304e-10
172784	1.34802244104948e-10
174512	1.32134817449565e-10
176257	1.29520796293156e-10
178020	1.26957688379101e-10
179800	1.24444781634081e-10
181598	1.21981720021436e-10
183414	1.19567791467847e-10
185248	1.17201215790013e-10
187100	1.14881636951276e-10
188971	1.12606918731677e-10
190861	1.10376349057895e-10
192770	1.08190283966592e-10
194698	1.06047299311126e-10
196644	1.03948107164819e-10
198611	1.01888435087751e-10
200597	9.98697072265637e-11
202603	9.78912115079357e-11
204629	9.59515237852283e-11
206675	9.40492199118022e-11
208742	9.21857240342966e-11
210830	9.03574757861133e-11
212938	8.85666113872112e-11
215067	8.68106385809717e-11
217218	8.50892013307349e-11
219390	8.34015875631811e-11
221584	8.17467291683308e-11
223800	8.01253382195038e-11
226038	7.85356345334009e-11
228298	7.69772620733623e-11
230581	7.54491527294086e-11
232887	7.39523746115191e-11
235216	7.24837233897555e-11
237568	7.10449792474169e-11
239944	6.96332938912247e-11
242343	6.82511595777977e-11
244767	6.68946599038779e-11
247214	6.55659310894242e-11
249686	6.42628369144776e-11
252183	6.29857334156979e-11
254705	6.1733196446446e-11
257252	6.05059380800413e-11
259825	5.93028902065046e-11
262423	5.81229847158562e-11
265047	5.69669336814158e-11
267698	5.58336689932041e-11
270375	5.47217665045816e-11
273078	5.36333624355074e-11
275809	5.25659645293626e-11
278567	5.1518148639508e-11
281353	5.04924070225623e-11
284167	4.94866034585666e-11
287008	4.85014500208406e-11
289878	4.75344544527654e-11
292777	4.65863288276608e-11
295705	4.56574291821866e-11
298662	4.47463313697035e-11
301649	4.38541035001908e-11
304665	4.29789653903496e-11
307712	4.21212730768397e-11
310789	4.12799584496815e-11
313897	4.0455377545535e-11
317036	3.96471743277403e-11
320206	3.88557048329571e-11
323408	3.80784768045668e-11
326642	3.73179824991882e-11
329909	3.65717296602023e-11
333208	3.58400743242692e-11
336540	3.51223044180691e-11
339905	3.44194880515815e-11
343304	3.37302010781671e-11
346737	3.30555116078054e-11
350205	3.23925713472178e-11
353707	3.17438725530231e-11
357244	3.11069229686025e-11
360816	3.04835027772551e-11
364424	2.9871475759022e-11
368069	2.92715539872228e-11
371749	2.8684805571837e-11
375467	2.8108382219586e-11
379222	2.75437080771091e-11
383014	2.69893589977671e-11
386844	2.64467591281992e-11
390712	2.59148403584259e-11
394619	2.53932466517874e-11
398566	2.48823340449436e-11
402551	2.43813904645748e-11
406577	2.38900598740211e-11
410643	2.34079862366229e-11
414749	2.29362376623594e-11
418897	2.24737460412513e-11
423086	2.20201553366387e-11
427316	2.15747534752021e-11
431590	2.11386085669208e-11
435905	2.0711364575135e-11
440264	2.02930214998447e-11
444667	1.98817991577509e-11
449114	1.9478765658833e-11
453605	1.90842770397508e-11
458141	1.86972651905249e-11
462722	1.83184421844748e-11
467350	1.79467399116212e-11
472023	1.75825144086238e-11
476743	1.72254096388229e-11
481511	1.68750695655586e-11
486326	1.65314941888308e-11
491189	1.61950395452995e-11
496101	1.5864993561645e-11
501062	1.55417122745271e-11
506073	1.52251956839458e-11
511133	1.49147317165815e-11
516245	1.46092522624547e-11
521407	1.43112495781841e-11
526621	1.4018231407151e-11
531888	1.37316218959947e-11
537206	1.34503529347358e-11
542579	1.31747805600339e-11
548004	1.29041926985696e-11
553484	1.26389453870026e-11
559019	1.23801067353124e-11
564609	1.21255405235401e-11
570256	1.18759588250052e-11
575958	1.1631005603048e-11
581718	1.13913929309882e-11
587535	1.11560526988462e-11
593410	1.09260530166015e-11
599344	1.07003257742747e-11
605338	1.04781588985461e-11
611391	1.02616886093746e-11
617505	1.00491347234612e-11
623680	9.84049724080581e-12
629917	9.63577616140846e-12
636216	9.43497148526915e-12
642578	9.23915132236734e-12
649004	9.0461794527441e-12
655494	8.85819209635836e-12
662049	8.67340906991101e-12
668670	8.49218641006188e-12
675356	8.31416808015114e-12
682110	8.13971011683861e-12
688931	7.96881252012431e-12
695820	7.80218736332785e-12
702778	7.63769842649033e-12
709806	7.4764138195912e-12
716904	7.31940165260993e-12
724073	7.16452570558759e-12
731314	7.01285408850364e-12
738627	6.8647428380179e-12
746013	6.7187678074911e-12
753474	6.57706521688215e-12
761008	6.43714280957231e-12
768618	6.30006869554104e-12
776305	6.1651308014687e-12
784068	6.0341093106544e-12
791908	5.90558007645885e-12
799827	5.77811895224276e-12
807826	5.65421819462488e-12
815904	5.5335217669454e-12
824063	5.41424948590521e-12
832304	5.29782549814358e-12
840627	5.18318169368107e-12
849033	5.07138618249712e-12
857523	4.96101481795247e-12
866099	4.85313571002656e-12
874760	4.74810489537922e-12
883507	4.64485426403099e-12
892342	4.54338381598187e-12
901266	4.44404958789168e-12
910278	4.34685157976042e-12
919381	4.25143375492826e-12
928575	4.15744007673539e-12
937861	4.06629469182109e-12
947239	3.97621741688626e-12
956712	3.88863239857018e-12
966279	3.80247152689338e-12
975942	3.71702272853622e-12
985701	3.63513429677728e-12
995558	3.55395793833799e-12
